0.001000  9.9956
0.002000  9.9911
0.003000  9.9867
0.004000  9.9822
0.005000  9.9778
0.006000  9.9733
0.007000  9.9689
0.008000  9.9644
0.009000  9.9599
0.010000  9.9555
0.011000  9.9510
0.012000  9.9466
0.013000  9.9421
0.014000  9.9376
0.015000  9.9332
0.016000  9.9287
0.017000  9.9243
0.018000  9.9198
0.019000  9.9153
0.020000  9.9109
0.021000  9.9064
0.022000  9.9019
0.023000  9.8974
0.024000  9.8930
0.025000  9.8885
0.026000  9.8840
0.027000  9.8795
0.028000  9.8751
0.029000  9.8706
0.030000  9.8661
0.031000  9.8616
0.032000  9.8571
0.033000  9.8527
0.034000  9.8482
0.035000  9.8437
0.036000  9.8392
0.037000  9.8347
0.038000  9.8302
0.039000  9.8257
0.040000  9.8212
0.041000  9.8167
0.042000  9.8122
0.043000  9.8077
0.044000  9.8032
0.045000  9.7987
0.046000  9.7942
0.047000  9.7897
0.048000  9.7852
0.049000  9.7807
0.050000  9.7762
0.051000  9.7717
0.052000  9.7672
0.053000  9.7627
0.054000  9.7582
0.055000  9.7537
0.056000  9.7492
0.057000  9.7446
0.058000  9.7401
0.059000  9.7356
0.060000  9.7311
0.061000  9.7266
0.062000  9.7220
0.063000  9.7175
0.064000  9.7130
0.065000  9.7085
0.066000  9.7039
0.067000  9.6994
0.068000  9.6949
0.069000  9.6904
0.070000  9.6858
0.071000  9.6813
0.072000  9.6767
0.073000  9.6722
0.074000  9.6677
0.075000  9.6631
0.076000  9.6586
0.077000  9.6540
0.078000  9.6495
0.079000  9.6450
0.080000  9.6404
0.081000  9.6359
0.082000  9.6313
0.083000  9.6268
0.084000  9.6222
0.085000  9.6177
0.086000  9.6131
0.087000  9.6085
0.088000  9.6040
0.089000  9.5994
0.090000  9.5949
0.091000  9.5903
0.092000  9.5857
0.093000  9.5812
0.094000  9.5766
0.095000  9.5720
0.096000  9.5675
0.097000  9.5629
0.098000  9.5583
0.099000  9.5537
0.100000  9.5492
0.101000  9.5446
0.102000  9.5400
0.103000  9.5354
0.104000  9.5308
0.105000  9.5263
0.106000  9.5217
0.107000  9.5171
0.108000  9.5125
0.109000  9.5079
0.110000  9.5033
0.111000  9.4987
0.112000  9.4941
0.113000  9.4895
0.114000  9.4849
0.115000  9.4803
0.116000  9.4757
0.117000  9.4711
0.118000  9.4665
0.119000  9.4619
0.120000  9.4573
0.121000  9.4527
0.122000  9.4481
0.123000  9.4435
0.124000  9.4388
0.125000  9.4342
0.126000  9.4296
0.127000  9.4250
0.128000  9.4204
0.129000  9.4157
0.130000  9.4111
0.131000  9.4065
0.132000  9.4019
0.133000  9.3972
0.134000  9.3926
0.135000  9.3880
0.136000  9.3833
0.137000  9.3787
0.138000  9.3741
0.139000  9.3694
0.140000  9.3648
0.141000  9.3601
0.142000  9.3555
0.143000  9.3508
0.144000  9.3462
0.145000  9.3415
0.146000  9.3369
0.147000  9.3322
0.148000  9.3276
0.149000  9.3229
0.150000  9.3183
0.151000  9.3136
0.152000  9.3089
0.153000  9.3043
0.154000  9.2996
0.155000  9.2949
0.156000  9.2903
0.157000  9.2856
0.158000  9.2809
0.159000  9.2763
0.160000  9.2716
0.161000  9.2669
0.162000  9.2622
0.163000  9.2575
0.164000  9.2528
0.165000  9.2482
0.166000  9.2435
0.167000  9.2388
0.168000  9.2341
0.169000  9.2294
0.170000  9.2247
0.171000  9.2200
0.172000  9.2153
0.173000  9.2106
0.174000  9.2059
0.175000  9.2012
0.176000  9.1965
0.177000  9.1918
0.178000  9.1871
0.179000  9.1823
0.180000  9.1776
0.181000  9.1729
0.182000  9.1682
0.183000  9.1635
0.184000  9.1587
0.185000  9.1540
0.186000  9.1493
0.187000  9.1446
0.188000  9.1398
0.189000  9.1351
0.190000  9.1304
0.191000  9.1256
0.192000  9.1209
0.193000  9.1161
0.194000  9.1114
0.195000  9.1067
0.196000  9.1019
0.197000  9.0972
0.198000  9.0924
0.199000  9.0876
0.200000  9.0829
0.201000  9.0781
0.202000  9.0734
0.203000  9.0686
0.204000  9.0638
0.205000  9.0591
0.206000  9.0543
0.207000  9.0495
0.208000  9.0448
0.209000  9.0400
0.210000  9.0352
0.211000  9.0304
0.212000  9.0257
0.213000  9.0209
0.214000  9.0161
0.215000  9.0113
0.216000  9.0065
0.217000  9.0017
0.218000  8.9969
0.219000  8.9921
0.220000  8.9873
0.221000  8.9825
0.222000  8.9777
0.223000  8.9729
0.224000  8.9681
0.225000  8.9633
0.226000  8.9585
0.227000  8.9537
0.228000  8.9488
0.229000  8.9440
0.230000  8.9392
0.231000  8.9344
0.232000  8.9295
0.233000  8.9247
0.234000  8.9199
0.235000  8.9151
0.236000  8.9102
0.237000  8.9054
0.238000  8.9005
0.239000  8.8957
0.240000  8.8908
0.241000  8.8860
0.242000  8.8811
0.243000  8.8763
0.244000  8.8714
0.245000  8.8666
0.246000  8.8617
0.247000  8.8569
0.248000  8.8520
0.249000  8.8471
0.250000  8.8423
0.251000  8.8374
0.252000  8.8325
0.253000  8.8276
0.254000  8.8228
0.255000  8.8179
0.256000  8.8130
0.257000  8.8081
0.258000  8.8032
0.259000  8.7983
0.260000  8.7934
0.261000  8.7885
0.262000  8.7836
0.263000  8.7787
0.264000  8.7738
0.265000  8.7689
0.266000  8.7640
0.267000  8.7591
0.268000  8.7542
0.269000  8.7492
0.270000  8.7443
0.271000  8.7394
0.272000  8.7345
0.273000  8.7295
0.274000  8.7246
0.275000  8.7197
0.276000  8.7147
0.277000  8.7098
0.278000  8.7049
0.279000  8.6999
0.280000  8.6950
0.281000  8.6900
0.282000  8.6851
0.283000  8.6801
0.284000  8.6751
0.285000  8.6702
0.286000  8.6652
0.287000  8.6602
0.288000  8.6553
0.289000  8.6503
0.290000  8.6453
0.291000  8.6403
0.292000  8.6354
0.293000  8.6304
0.294000  8.6254
0.295000  8.6204
0.296000  8.6154
0.297000  8.6104
0.298000  8.6054
0.299000  8.6004
0.300000  8.5954
0.301000  8.5904
0.302000  8.5854
0.303000  8.5804
0.304000  8.5753
0.305000  8.5703
0.306000  8.5653
0.307000  8.5603
0.308000  8.5553
0.309000  8.5502
0.310000  8.5452
0.311000  8.5401
0.312000  8.5351
0.313000  8.5301
0.314000  8.5250
0.315000  8.5200
0.316000  8.5149
0.317000  8.5098
0.318000  8.5048
0.319000  8.4997
0.320000  8.4947
0.321000  8.4896
0.322000  8.4845
0.323000  8.4794
0.324000  8.4744
0.325000  8.4693
0.326000  8.4642
0.327000  8.4591
0.328000  8.4540
0.329000  8.4489
0.330000  8.4438
0.331000  8.4387
0.332000  8.4336
0.333000  8.4285
0.334000  8.4234
0.335000  8.4183
0.336000  8.4132
0.337000  8.4080
0.338000  8.4029
0.339000  8.3978
0.340000  8.3926
0.341000  8.3875
0.342000  8.3824
0.343000  8.3772
0.344000  8.3721
0.345000  8.3669
0.346000  8.3618
0.347000  8.3566
0.348000  8.3515
0.349000  8.3463
0.350000  8.3411
0.351000  8.3360
0.352000  8.3308
0.353000  8.3256
0.354000  8.3204
0.355000  8.3152
0.356000  8.3101
0.357000  8.3049
0.358000  8.2997
0.359000  8.2945
0.360000  8.2893
0.361000  8.2841
0.362000  8.2788
0.363000  8.2736
0.364000  8.2684
0.365000  8.2632
0.366000  8.2580
0.367000  8.2527
0.368000  8.2475
0.369000  8.2423
0.370000  8.2370
0.371000  8.2318
0.372000  8.2265
0.373000  8.2213
0.374000  8.2160
0.375000  8.2108
0.376000  8.2055
0.377000  8.2002
0.378000  8.1950
0.379000  8.1897
0.380000  8.1844
0.381000  8.1791
0.382000  8.1738
0.383000  8.1685
0.384000  8.1632
0.385000  8.1579
0.386000  8.1526
0.387000  8.1473
0.388000  8.1420
0.389000  8.1367
0.390000  8.1314
0.391000  8.1261
0.392000  8.1207
0.393000  8.1154
0.394000  8.1100
0.395000  8.1047
0.396000  8.0994
0.397000  8.0940
0.398000  8.0887
0.399000  8.0833
0.400000  8.0779
0.401000  8.0726
0.402000  8.0672
0.403000  8.0618
0.404000  8.0564
0.405000  8.0511
0.406000  8.0457
0.407000  8.0403
0.408000  8.0349
0.409000  8.0295
0.410000  8.0241
0.411000  8.0186
0.412000  8.0132
0.413000  8.0078
0.414000  8.0024
0.415000  7.9970
0.416000  7.9915
0.417000  7.9861
0.418000  7.9806
0.419000  7.9752
0.420000  7.9697
0.421000  7.9643
0.422000  7.9588
0.423000  7.9533
0.424000  7.9479
0.425000  7.9424
0.426000  7.9369
0.427000  7.9314
0.428000  7.9259
0.429000  7.9204
0.430000  7.9149
0.431000  7.9094
0.432000  7.9039
0.433000  7.8984
0.434000  7.8929
0.435000  7.8874
0.436000  7.8818
0.437000  7.8763
0.438000  7.8707
0.439000  7.8652
0.440000  7.8596
0.441000  7.8541
0.442000  7.8485
0.443000  7.8430
0.444000  7.8374
0.445000  7.8318
0.446000  7.8262
0.447000  7.8206
0.448000  7.8150
0.449000  7.8094
0.450000  7.8038
0.451000  7.7982
0.452000  7.7926
0.453000  7.7870
0.454000  7.7814
0.455000  7.7757
0.456000  7.7701
0.457000  7.7644
0.458000  7.7588
0.459000  7.7531
0.460000  7.7475
0.461000  7.7418
0.462000  7.7362
0.463000  7.7305
0.464000  7.7248
0.465000  7.7191
0.466000  7.7134
0.467000  7.7077
0.468000  7.7020
0.469000  7.6963
0.470000  7.6906
0.471000  7.6849
0.472000  7.6791
0.473000  7.6734
0.474000  7.6676
0.475000  7.6619
0.476000  7.6561
0.477000  7.6504
0.478000  7.6446
0.479000  7.6389
0.480000  7.6331
0.481000  7.6273
0.482000  7.6215
0.483000  7.6157
0.484000  7.6099
0.485000  7.6041
0.486000  7.5983
0.487000  7.5925
0.488000  7.5866
0.489000  7.5808
0.490000  7.5750
0.491000  7.5691
0.492000  7.5632
0.493000  7.5574
0.494000  7.5515
0.495000  7.5456
0.496000  7.5398
0.497000  7.5339
0.498000  7.5280
0.499000  7.5221
0.500000  7.5162
0.501000  7.5103
0.502000  7.5043
0.503000  7.4984
0.504000  7.4925
0.505000  7.4865
0.506000  7.4806
0.507000  7.4746
0.508000  7.4687
0.509000  7.4627
0.510000  7.4567
0.511000  7.4507
0.512000  7.4447
0.513000  7.4387
0.514000  7.4327
0.515000  7.4267
0.516000  7.4207
0.517000  7.4147
0.518000  7.4086
0.519000  7.4026
0.520000  7.3965
0.521000  7.3905
0.522000  7.3844
0.523000  7.3783
0.524000  7.3723
0.525000  7.3662
0.526000  7.3601
0.527000  7.3540
0.528000  7.3478
0.529000  7.3417
0.530000  7.3356
0.531000  7.3295
0.532000  7.3233
0.533000  7.3172
0.534000  7.3110
0.535000  7.3048
0.536000  7.2986
0.537000  7.2925
0.538000  7.2863
0.539000  7.2801
0.540000  7.2738
0.541000  7.2676
0.542000  7.2614
0.543000  7.2552
0.544000  7.2489
0.545000  7.2427
0.546000  7.2364
0.547000  7.2301
0.548000  7.2238
0.549000  7.2176
0.550000  7.2113
0.551000  7.2049
0.552000  7.1986
0.553000  7.1923
0.554000  7.1860
0.555000  7.1796
0.556000  7.1733
0.557000  7.1669
0.558000  7.1605
0.559000  7.1542
0.560000  7.1478
0.561000  7.1414
0.562000  7.1349
0.563000  7.1285
0.564000  7.1221
0.565000  7.1157
0.566000  7.1092
0.567000  7.1028
0.568000  7.0963
0.569000  7.0898
0.570000  7.0833
0.571000  7.0768
0.572000  7.0703
0.573000  7.0638
0.574000  7.0573
0.575000  7.0507
0.576000  7.0442
0.577000  7.0376
0.578000  7.0310
0.579000  7.0244
0.580000  7.0179
0.581000  7.0113
0.582000  7.0046
0.583000  6.9980
0.584000  6.9914
0.585000  6.9847
0.586000  6.9781
0.587000  6.9714
0.588000  6.9647
0.589000  6.9580
0.590000  6.9513
0.591000  6.9446
0.592000  6.9379
0.593000  6.9311
0.594000  6.9244
0.595000  6.9176
0.596000  6.9108
0.597000  6.9041
0.598000  6.8973
0.599000  6.8904
0.600000  6.8836
0.601000  6.8768
0.602000  6.8699
0.603000  6.8631
0.604000  6.8562
0.605000  6.8493
0.606000  6.8424
0.607000  6.8355
0.608000  6.8286
0.609000  6.8217
0.610000  6.8147
0.611000  6.8077
0.612000  6.8008
0.613000  6.7938
0.614000  6.7868
0.615000  6.7798
0.616000  6.7727
0.617000  6.7657
0.618000  6.7586
0.619000  6.7515
0.620000  6.7445
0.621000  6.7374
0.622000  6.7302
0.623000  6.7231
0.624000  6.7160
0.625000  6.7088
0.626000  6.7016
0.627000  6.6945
0.628000  6.6872
0.629000  6.6800
0.630000  6.6728
0.631000  6.6655
0.632000  6.6583
0.633000  6.6510
0.634000  6.6437
0.635000  6.6364
0.636000  6.6291
0.637000  6.6217
0.638000  6.6144
0.639000  6.6070
0.640000  6.5996
0.641000  6.5922
0.642000  6.5848
0.643000  6.5773
0.644000  6.5699
0.645000  6.5624
0.646000  6.5549
0.647000  6.5474
0.648000  6.5399
0.649000  6.5323
0.650000  6.5247
0.651000  6.5172
0.652000  6.5096
0.653000  6.5019
0.654000  6.4943
0.655000  6.4867
0.656000  6.4790
0.657000  6.4713
0.658000  6.4636
0.659000  6.4558
0.660000  6.4481
0.661000  6.4403
0.662000  6.4325
0.663000  6.4247
0.664000  6.4169
0.665000  6.4090
0.666000  6.4012
0.667000  6.3933
0.668000  6.3854
0.669000  6.3774
0.670000  6.3695
0.671000  6.3615
0.672000  6.3535
0.673000  6.3455
0.674000  6.3374
0.675000  6.3294
0.676000  6.3213
0.677000  6.3132
0.678000  6.3050
0.679000  6.2969
0.680000  6.2887
0.681000  6.2805
0.682000  6.2723
0.683000  6.2640
0.684000  6.2558
0.685000  6.2475
0.686000  6.2391
0.687000  6.2308
0.688000  6.2224
0.689000  6.2140
0.690000  6.2056
0.691000  6.1971
0.692000  6.1886
0.693000  6.1801
0.694000  6.1716
0.695000  6.1630
0.696000  6.1545
0.697000  6.1458
0.698000  6.1372
0.699000  6.1285
0.700000  6.1198
0.701000  6.1111
0.702000  6.1023
0.703000  6.0935
0.704000  6.0847
0.705000  6.0759
0.706000  6.0670
0.707000  6.0581
0.708000  6.0491
0.709000  6.0402
0.710000  6.0312
0.711000  6.0221
0.712000  6.0130
0.713000  6.0039
0.714000  5.9948
0.715000  5.9856
0.716000  5.9764
0.717000  5.9672
0.718000  5.9579
0.719000  5.9486
0.720000  5.9392
0.721000  5.9298
0.722000  5.9204
0.723000  5.9109
0.724000  5.9014
0.725000  5.8919
0.726000  5.8823
0.727000  5.8727
0.728000  5.8630
0.729000  5.8533
0.730000  5.8436
0.731000  5.8338
0.732000  5.8239
0.733000  5.8141
0.734000  5.8041
0.735000  5.7942
0.736000  5.7842
0.737000  5.7741
0.738000  5.7640
0.739000  5.7539
0.740000  5.7437
0.741000  5.7334
0.742000  5.7231
0.743000  5.7128
0.744000  5.7024
0.745000  5.6920
0.746000  5.6815
0.747000  5.6709
0.748000  5.6603
0.749000  5.6496
0.750000  5.6389
0.751000  5.6281
0.752000  5.6173
0.753000  5.6064
0.754000  5.5955
0.755000  5.5845
0.756000  5.5734
0.757000  5.5622
0.758000  5.5510
0.759000  5.5398
0.760000  5.5284
0.761000  5.5170
0.762000  5.5056
0.763000  5.4940
0.764000  5.4824
0.765000  5.4707
0.766000  5.4590
0.767000  5.4471
0.768000  5.4352
0.769000  5.4232
0.770000  5.4111
0.771000  5.3990
0.772000  5.3867
0.773000  5.3744
0.774000  5.3620
0.775000  5.3495
0.776000  5.3369
0.777000  5.3242
0.778000  5.3114
0.779000  5.2986
0.780000  5.2856
0.781000  5.2725
0.782000  5.2593
0.783000  5.2460
0.784000  5.2326
0.785000  5.2191
0.786000  5.2054
0.787000  5.1917
0.788000  5.1778
0.789000  5.1638
0.790000  5.1497
0.791000  5.1354
0.792000  5.1210
0.793000  5.1065
0.794000  5.0918
0.795000  5.0770
0.796000  5.0620
0.797000  5.0469
0.798000  5.0316
0.799000  5.0161
0.800000  5.0005
0.801000  4.9847
0.802000  4.9687
0.803000  4.9525
0.804000  4.9361
0.805000  4.9196
0.806000  4.9028
0.807000  4.8858
0.808000  4.8685
0.809000  4.8511
0.810000  4.8333
0.811000  4.8154
0.812000  4.7971
0.813000  4.7786
0.814000  4.7598
0.815000  4.7407
0.816000  4.7213
0.817000  4.7016
0.818000  4.6815
0.819000  4.6610
0.820000  4.6402
0.821000  4.6189
0.822000  4.5972
0.823000  4.5751
0.824000  4.5525
0.825000  4.5294
0.826000  4.5057
0.827000  4.4815
0.828000  4.4566
0.829000  4.4311
0.830000  4.4049
0.831000  4.3779
0.832000  4.3501
0.833000  4.3213
0.834000  4.2916
0.835000  4.2607
0.836000  4.2287
0.837000  4.1953
0.838000  4.1604
0.839000  4.1239
0.840000  4.0853
0.841000  4.0446
0.842000  4.0013
0.843000  3.9548
0.844000  3.9047
0.845000  3.8500
0.846000  3.7894
0.847000  3.7211
0.848000  3.6420
0.849000  3.5467
0.850000  3.4240
0.851000  3.2445
0.852000  2.8892
0.853000  2.3319
0.854000  2.2750
0.855000  2.2271
0.856000  2.1854
0.857000  2.1482
0.858000  2.1146
0.859000  2.0837
0.860000  2.0552
0.861000  2.0286
0.862000  2.0037
0.863000  1.9802
0.864000  1.9580
0.865000  1.9370
0.866000  1.9169
0.867000  1.8977
0.868000  1.8793
0.869000  1.8617
0.870000  1.8447
0.871000  1.8283
0.872000  1.8125
0.873000  1.7973
0.874000  1.7825
0.875000  1.7682
0.876000  1.7543
0.877000  1.7408
0.878000  1.7277
0.879000  1.7149
0.880000  1.7025
0.881000  1.6904
0.882000  1.6785
0.883000  1.6670
0.884000  1.6557
0.885000  1.6447
0.886000  1.6339
0.887000  1.6233
0.888000  1.6130
0.889000  1.6029
0.890000  1.5929
0.891000  1.5832
0.892000  1.5736
0.893000  1.5643
0.894000  1.5551
0.895000  1.5460
0.896000  1.5371
0.897000  1.5284
0.898000  1.5198
0.899000  1.5114
0.900000  1.5031
0.901000  1.4949
0.902000  1.4869
0.903000  1.4789
0.904000  1.4711
0.905000  1.4634
0.906000  1.4559
0.907000  1.4484
0.908000  1.4410
0.909000  1.4338
0.910000  1.4266
0.911000  1.4196
0.912000  1.4126
0.913000  1.4057
0.914000  1.3989
0.915000  1.3922
0.916000  1.3856
0.917000  1.3791
0.918000  1.3726
0.919000  1.3662
0.920000  1.3599
0.921000  1.3537
0.922000  1.3475
0.923000  1.3414
0.924000  1.3354
0.925000  1.3295
0.926000  1.3236
0.927000  1.3178
0.928000  1.3120
0.929000  1.3063
0.930000  1.3007
0.931000  1.2951
0.932000  1.2896
0.933000  1.2842
0.934000  1.2788
0.935000  1.2734
0.936000  1.2681
0.937000  1.2629
0.938000  1.2577
0.939000  1.2525
0.940000  1.2474
0.941000  1.2424
0.942000  1.2374
0.943000  1.2324
0.944000  1.2275
0.945000  1.2227
0.946000  1.2179
0.947000  1.2131
0.948000  1.2084
0.949000  1.2037
0.950000  1.1990
0.951000  1.1944
0.952000  1.1898
0.953000  1.1853
0.954000  1.1808
0.955000  1.1764
0.956000  1.1719
0.957000  1.1676
0.958000  1.1632
0.959000  1.1589
0.960000  1.1546
0.961000  1.1504
0.962000  1.1462
0.963000  1.1420
0.964000  1.1379
0.965000  1.1338
0.966000  1.1297
0.967000  1.1256
0.968000  1.1216
0.969000  1.1176
0.970000  1.1137
0.971000  1.1098
0.972000  1.1059
0.973000  1.1020
0.974000  1.0981
0.975000  1.0943
0.976000  1.0905
0.977000  1.0868
0.978000  1.0831
0.979000  1.0793
0.980000  1.0757
0.981000  1.0720
0.982000  1.0684
0.983000  1.0648
0.984000  1.0612
0.985000  1.0576
0.986000  1.0541
0.987000  1.0506
0.988000  1.0471
0.989000  1.0437
0.990000  1.0402
0.991000  1.0368
0.992000  1.0334
0.993000  1.0300
0.994000  1.0267
0.995000  1.0234
0.996000  1.0201
0.997000  1.0168
0.998000  1.0135
0.999000  1.0103
1.000000  1.0070
1.001000  1.0038
1.002000  1.0006
1.003000  0.9975
1.004000  0.9943
1.005000  0.9912
1.006000  0.9881
1.007000  0.9850
1.008000  0.9819
1.009000  0.9789
1.010000  0.9758
1.011000  0.9728
1.012000  0.9698
1.013000  0.9668
1.014000  0.9639
1.015000  0.9609
1.016000  0.9580
1.017000  0.9551
1.018000  0.9522
1.019000  0.9493
1.020000  0.9464
1.021000  0.9436
1.022000  0.9407
1.023000  0.9379
1.024000  0.9351
1.025000  0.9323
1.026000  0.9295
1.027000  0.9268
1.028000  0.9240
1.029000  0.9213
1.030000  0.9186
1.031000  0.9159
1.032000  0.9132
1.033000  0.9105
1.034000  0.9079
1.035000  0.9052
1.036000  0.9026
1.037000  0.9000
1.038000  0.8974
1.039000  0.8948
1.040000  0.8922
1.041000  0.8897
1.042000  0.8871
1.043000  0.8846
1.044000  0.8821
1.045000  0.8796
1.046000  0.8771
1.047000  0.8746
1.048000  0.8721
1.049000  0.8696
1.050000  0.8672
1.051000  0.8648
1.052000  0.8623
1.053000  0.8599
1.054000  0.8575
1.055000  0.8551
1.056000  0.8528
1.057000  0.8504
1.058000  0.8480
1.059000  0.8457
1.060000  0.8434
1.061000  0.8410
1.062000  0.8387
1.063000  0.8364
1.064000  0.8341
1.065000  0.8319
1.066000  0.8296
1.067000  0.8273
1.068000  0.8251
1.069000  0.8228
1.070000  0.8206
1.071000  0.8184
1.072000  0.8162
1.073000  0.8140
1.074000  0.8118
1.075000  0.8096
1.076000  0.8075
1.077000  0.8053
1.078000  0.8032
1.079000  0.8010
1.080000  0.7989
1.081000  0.7968
1.082000  0.7947
1.083000  0.7926
1.084000  0.7905
1.085000  0.7884
1.086000  0.7863
1.087000  0.7843
1.088000  0.7822
1.089000  0.7802
1.090000  0.7781
1.091000  0.7761
1.092000  0.7741
1.093000  0.7721
1.094000  0.7701
1.095000  0.7681
1.096000  0.7661
1.097000  0.7641
1.098000  0.7622
1.099000  0.7602
1.100000  0.7582
1.101000  0.7563
1.102000  0.7544
1.103000  0.7524
1.104000  0.7505
1.105000  0.7486
1.106000  0.7467
1.107000  0.7448
1.108000  0.7429
1.109000  0.7410
1.110000  0.7392
1.111000  0.7373
1.112000  0.7354
1.113000  0.7336
1.114000  0.7317
1.115000  0.7299
1.116000  0.7281
1.117000  0.7262
1.118000  0.7244
1.119000  0.7226
1.120000  0.7208
1.121000  0.7190
1.122000  0.7172
1.123000  0.7155
1.124000  0.7137
1.125000  0.7119
1.126000  0.7102
1.127000  0.7084
1.128000  0.7067
1.129000  0.7049
1.130000  0.7032
1.131000  0.7015
1.132000  0.6998
1.133000  0.6980
1.134000  0.6963
1.135000  0.6946
1.136000  0.6929
1.137000  0.6913
1.138000  0.6896
1.139000  0.6879
1.140000  0.6862
1.141000  0.6846
1.142000  0.6829
1.143000  0.6813
1.144000  0.6796
1.145000  0.6780
1.146000  0.6764
1.147000  0.6747
1.148000  0.6731
1.149000  0.6715
1.150000  0.6699
1.151000  0.6683
1.152000  0.6667
1.153000  0.6651
1.154000  0.6635
1.155000  0.6619
1.156000  0.6604
1.157000  0.6588
1.158000  0.6572
1.159000  0.6557
1.160000  0.6541
1.161000  0.6526
1.162000  0.6511
1.163000  0.6495
1.164000  0.6480
1.165000  0.6465
1.166000  0.6450
1.167000  0.6434
1.168000  0.6419
1.169000  0.6404
1.170000  0.6389
1.171000  0.6375
1.172000  0.6360
1.173000  0.6345
1.174000  0.6330
1.175000  0.6315
1.176000  0.6301
1.177000  0.6286
1.178000  0.6272
1.179000  0.6257
1.180000  0.6243
1.181000  0.6228
1.182000  0.6214
1.183000  0.6200
1.184000  0.6185
1.185000  0.6171
1.186000  0.6157
1.187000  0.6143
1.188000  0.6129
1.189000  0.6115
1.190000  0.6101
1.191000  0.6087
1.192000  0.6073
1.193000  0.6059
1.194000  0.6045
1.195000  0.6032
1.196000  0.6018
1.197000  0.6004
1.198000  0.5991
1.199000  0.5977
1.200000  0.5964
1.201000  0.5950
1.202000  0.5937
1.203000  0.5923
1.204000  0.5910
1.205000  0.5897
1.206000  0.5883
1.207000  0.5870
1.208000  0.5857
1.209000  0.5844
1.210000  0.5831
1.211000  0.5818
1.212000  0.5805
1.213000  0.5792
1.214000  0.5779
1.215000  0.5766
1.216000  0.5753
1.217000  0.5740
1.218000  0.5728
1.219000  0.5715
1.220000  0.5702
1.221000  0.5690
1.222000  0.5677
1.223000  0.5664
1.224000  0.5652
1.225000  0.5639
1.226000  0.5627
1.227000  0.5615
1.228000  0.5602
1.229000  0.5590
1.230000  0.5578
1.231000  0.5565
1.232000  0.5553
1.233000  0.5541
1.234000  0.5529
1.235000  0.5517
1.236000  0.5505
1.237000  0.5493
1.238000  0.5481
1.239000  0.5469
1.240000  0.5457
1.241000  0.5445
1.242000  0.5433
1.243000  0.5421
1.244000  0.5410
1.245000  0.5398
1.246000  0.5386
1.247000  0.5375
1.248000  0.5363
1.249000  0.5351
1.250000  0.5340
1.251000  0.5328
1.252000  0.5317
1.253000  0.5305
1.254000  0.5294
1.255000  0.5283
1.256000  0.5271
1.257000  0.5260
1.258000  0.5249
1.259000  0.5237
1.260000  0.5226
1.261000  0.5215
1.262000  0.5204
1.263000  0.5193
1.264000  0.5182
1.265000  0.5171
1.266000  0.5160
1.267000  0.5149
1.268000  0.5138
1.269000  0.5127
1.270000  0.5116
1.271000  0.5105
1.272000  0.5094
1.273000  0.5083
1.274000  0.5073
1.275000  0.5062
1.276000  0.5051
1.277000  0.5040
1.278000  0.5030
1.279000  0.5019
1.280000  0.5009
1.281000  0.4998
1.282000  0.4988
1.283000  0.4977
1.284000  0.4967
1.285000  0.4956
1.286000  0.4946
1.287000  0.4935
1.288000  0.4925
1.289000  0.4915
1.290000  0.4904
1.291000  0.4894
1.292000  0.4884
1.293000  0.4874
1.294000  0.4864
1.295000  0.4853
1.296000  0.4843
1.297000  0.4833
1.298000  0.4823
1.299000  0.4813
1.300000  0.4803
1.301000  0.4793
1.302000  0.4783
1.303000  0.4773
1.304000  0.4764
1.305000  0.4754
1.306000  0.4744
1.307000  0.4734
1.308000  0.4724
1.309000  0.4714
1.310000  0.4705
1.311000  0.4695
1.312000  0.4685
1.313000  0.4676
1.314000  0.4666
1.315000  0.4657
1.316000  0.4647
1.317000  0.4637
1.318000  0.4628
1.319000  0.4618
1.320000  0.4609
1.321000  0.4600
1.322000  0.4590
1.323000  0.4581
1.324000  0.4571
1.325000  0.4562
1.326000  0.4553
1.327000  0.4543
1.328000  0.4534
1.329000  0.4525
1.330000  0.4516
1.331000  0.4507
1.332000  0.4497
1.333000  0.4488
1.334000  0.4479
1.335000  0.4470
1.336000  0.4461
1.337000  0.4452
1.338000  0.4443
1.339000  0.4434
1.340000  0.4425
1.341000  0.4416
1.342000  0.4407
1.343000  0.4398
1.344000  0.4389
1.345000  0.4381
1.346000  0.4372
1.347000  0.4363
1.348000  0.4354
1.349000  0.4345
1.350000  0.4337
1.351000  0.4328
1.352000  0.4319
1.353000  0.4311
1.354000  0.4302
1.355000  0.4293
1.356000  0.4285
1.357000  0.4276
1.358000  0.4268
1.359000  0.4259
1.360000  0.4251
1.361000  0.4242
1.362000  0.4234
1.363000  0.4225
1.364000  0.4217
1.365000  0.4208
1.366000  0.4200
1.367000  0.4192
1.368000  0.4183
1.369000  0.4175
1.370000  0.4167
1.371000  0.4158
1.372000  0.4150
1.373000  0.4142
1.374000  0.4134
1.375000  0.4126
1.376000  0.4117
1.377000  0.4109
1.378000  0.4101
1.379000  0.4093
1.380000  0.4085
1.381000  0.4077
1.382000  0.4069
1.383000  0.4061
1.384000  0.4053
1.385000  0.4045
1.386000  0.4037
1.387000  0.4029
1.388000  0.4021
1.389000  0.4013
1.390000  0.4005
1.391000  0.3997
1.392000  0.3990
1.393000  0.3982
1.394000  0.3974
1.395000  0.3966
1.396000  0.3958
1.397000  0.3951
1.398000  0.3943
1.399000  0.3935
1.400000  0.3928
1.401000  0.3920
1.402000  0.3912
1.403000  0.3905
1.404000  0.3897
1.405000  0.3889
1.406000  0.3882
1.407000  0.3874
1.408000  0.3867
1.409000  0.3859
1.410000  0.3852
1.411000  0.3844
1.412000  0.3837
1.413000  0.3829
1.414000  0.3822
1.415000  0.3814
1.416000  0.3807
1.417000  0.3800
1.418000  0.3792
1.419000  0.3785
1.420000  0.3778
1.421000  0.3770
1.422000  0.3763
1.423000  0.3756
1.424000  0.3749
1.425000  0.3741
1.426000  0.3734
1.427000  0.3727
1.428000  0.3720
1.429000  0.3713
1.430000  0.3705
1.431000  0.3698
1.432000  0.3691
1.433000  0.3684
1.434000  0.3677
1.435000  0.3670
1.436000  0.3663
1.437000  0.3656
1.438000  0.3649
1.439000  0.3642
1.440000  0.3635
1.441000  0.3628
1.442000  0.3621
1.443000  0.3614
1.444000  0.3607
1.445000  0.3600
1.446000  0.3593
1.447000  0.3587
1.448000  0.3580
1.449000  0.3573
1.450000  0.3566
1.451000  0.3559
1.452000  0.3553
1.453000  0.3546
1.454000  0.3539
1.455000  0.3532
1.456000  0.3526
1.457000  0.3519
1.458000  0.3512
1.459000  0.3506
1.460000  0.3499
1.461000  0.3492
1.462000  0.3486
1.463000  0.3479
1.464000  0.3472
1.465000  0.3466
1.466000  0.3459
1.467000  0.3453
1.468000  0.3446
1.469000  0.3440
1.470000  0.3433
1.471000  0.3427
1.472000  0.3420
1.473000  0.3414
1.474000  0.3407
1.475000  0.3401
1.476000  0.3395
1.477000  0.3388
1.478000  0.3382
1.479000  0.3375
1.480000  0.3369
1.481000  0.3363
1.482000  0.3356
1.483000  0.3350
1.484000  0.3344
1.485000  0.3338
1.486000  0.3331
1.487000  0.3325
1.488000  0.3319
1.489000  0.3313
1.490000  0.3306
1.491000  0.3300
1.492000  0.3294
1.493000  0.3288
1.494000  0.3282
1.495000  0.3276
1.496000  0.3269
1.497000  0.3263
1.498000  0.3257
1.499000  0.3251
1.500000  0.3245
1.501000  0.3239
1.502000  0.3233
1.503000  0.3227
1.504000  0.3221
1.505000  0.3215
1.506000  0.3209
1.507000  0.3203
1.508000  0.3197
1.509000  0.3191
1.510000  0.3185
1.511000  0.3179
1.512000  0.3173
1.513000  0.3168
1.514000  0.3162
1.515000  0.3156
1.516000  0.3150
1.517000  0.3144
1.518000  0.3138
1.519000  0.3132
1.520000  0.3127
1.521000  0.3121
1.522000  0.3115
1.523000  0.3109
1.524000  0.3104
1.525000  0.3098
1.526000  0.3092
1.527000  0.3086
1.528000  0.3081
1.529000  0.3075
1.530000  0.3069
1.531000  0.3064
1.532000  0.3058
1.533000  0.3052
1.534000  0.3047
1.535000  0.3041
1.536000  0.3036
1.537000  0.3030
1.538000  0.3024
1.539000  0.3019
1.540000  0.3013
1.541000  0.3008
1.542000  0.3002
1.543000  0.2997
1.544000  0.2991
1.545000  0.2986
1.546000  0.2980
1.547000  0.2975
1.548000  0.2969
1.549000  0.2964
1.550000  0.2959
1.551000  0.2953
1.552000  0.2948
1.553000  0.2942
1.554000  0.2937
1.555000  0.2932
1.556000  0.2926
1.557000  0.2921
1.558000  0.2916
1.559000  0.2910
1.560000  0.2905
1.561000  0.2900
1.562000  0.2894
1.563000  0.2889
1.564000  0.2884
1.565000  0.2879
1.566000  0.2873
1.567000  0.2868
1.568000  0.2863
1.569000  0.2858
1.570000  0.2852
1.571000  0.2847
1.572000  0.2842
1.573000  0.2837
1.574000  0.2832
1.575000  0.2827
1.576000  0.2822
1.577000  0.2816
1.578000  0.2811
1.579000  0.2806
1.580000  0.2801
1.581000  0.2796
1.582000  0.2791
1.583000  0.2786
1.584000  0.2781
1.585000  0.2776
1.586000  0.2771
1.587000  0.2766
1.588000  0.2761
1.589000  0.2756
1.590000  0.2751
1.591000  0.2746
1.592000  0.2741
1.593000  0.2736
1.594000  0.2731
1.595000  0.2726
1.596000  0.2721
1.597000  0.2716
1.598000  0.2711
1.599000  0.2707
1.600000  0.2702
1.601000  0.2697
1.602000  0.2692
1.603000  0.2687
1.604000  0.2682
1.605000  0.2678
1.606000  0.2673
1.607000  0.2668
1.608000  0.2663
1.609000  0.2658
1.610000  0.2654
1.611000  0.2649
1.612000  0.2644
1.613000  0.2639
1.614000  0.2635
1.615000  0.2630
1.616000  0.2625
1.617000  0.2620
1.618000  0.2616
1.619000  0.2611
1.620000  0.2606
1.621000  0.2602
1.622000  0.2597
1.623000  0.2592
1.624000  0.2588
1.625000  0.2583
1.626000  0.2579
1.627000  0.2574
1.628000  0.2569
1.629000  0.2565
1.630000  0.2560
1.631000  0.2556
1.632000  0.2551
1.633000  0.2547
1.634000  0.2542
1.635000  0.2537
1.636000  0.2533
1.637000  0.2528
1.638000  0.2524
1.639000  0.2519
1.640000  0.2515
1.641000  0.2511
1.642000  0.2506
1.643000  0.2502
1.644000  0.2497
1.645000  0.2493
1.646000  0.2488
1.647000  0.2484
1.648000  0.2479
1.649000  0.2475
1.650000  0.2471
1.651000  0.2466
1.652000  0.2462
1.653000  0.2458
1.654000  0.2453
1.655000  0.2449
1.656000  0.2445
1.657000  0.2440
1.658000  0.2436
1.659000  0.2432
1.660000  0.2427
1.661000  0.2423
1.662000  0.2419
1.663000  0.2414
1.664000  0.2410
1.665000  0.2406
1.666000  0.2402
1.667000  0.2397
1.668000  0.2393
1.669000  0.2389
1.670000  0.2385
1.671000  0.2381
1.672000  0.2376
1.673000  0.2372
1.674000  0.2368
1.675000  0.2364
1.676000  0.2360
1.677000  0.2355
1.678000  0.2351
1.679000  0.2347
1.680000  0.2343
1.681000  0.2339
1.682000  0.2335
1.683000  0.2331
1.684000  0.2327
1.685000  0.2323
1.686000  0.2318
1.687000  0.2314
1.688000  0.2310
1.689000  0.2306
1.690000  0.2302
1.691000  0.2298
1.692000  0.2294
1.693000  0.2290
1.694000  0.2286
1.695000  0.2282
1.696000  0.2278
1.697000  0.2274
1.698000  0.2270
1.699000  0.2266
1.700000  0.2262
1.701000  0.2258
1.702000  0.2254
1.703000  0.2250
1.704000  0.2246
1.705000  0.2243
1.706000  0.2239
1.707000  0.2235
1.708000  0.2231
1.709000  0.2227
1.710000  0.2223
1.711000  0.2219
1.712000  0.2215
1.713000  0.2211
1.714000  0.2208
1.715000  0.2204
1.716000  0.2200
1.717000  0.2196
1.718000  0.2192
1.719000  0.2188
1.720000  0.2185
1.721000  0.2181
1.722000  0.2177
1.723000  0.2173
1.724000  0.2169
1.725000  0.2166
1.726000  0.2162
1.727000  0.2158
1.728000  0.2154
1.729000  0.2151
1.730000  0.2147
1.731000  0.2143
1.732000  0.2139
1.733000  0.2136
1.734000  0.2132
1.735000  0.2128
1.736000  0.2125
1.737000  0.2121
1.738000  0.2117
1.739000  0.2114
1.740000  0.2110
1.741000  0.2106
1.742000  0.2103
1.743000  0.2099
1.744000  0.2095
1.745000  0.2092
1.746000  0.2088
1.747000  0.2084
1.748000  0.2081
1.749000  0.2077
1.750000  0.2074
1.751000  0.2070
1.752000  0.2066
1.753000  0.2063
1.754000  0.2059
1.755000  0.2056
1.756000  0.2052
1.757000  0.2049
1.758000  0.2045
1.759000  0.2042
1.760000  0.2038
1.761000  0.2035
1.762000  0.2031
1.763000  0.2028
1.764000  0.2024
1.765000  0.2021
1.766000  0.2017
1.767000  0.2014
1.768000  0.2010
1.769000  0.2007
1.770000  0.2003
1.771000  0.2000
1.772000  0.1996
1.773000  0.1993
1.774000  0.1990
1.775000  0.1986
1.776000  0.1983
1.777000  0.1979
1.778000  0.1976
1.779000  0.1972
1.780000  0.1969
1.781000  0.1966
1.782000  0.1962
1.783000  0.1959
1.784000  0.1956
1.785000  0.1952
1.786000  0.1949
1.787000  0.1946
1.788000  0.1942
1.789000  0.1939
1.790000  0.1936
1.791000  0.1932
1.792000  0.1929
1.793000  0.1926
1.794000  0.1922
1.795000  0.1919
1.796000  0.1916
1.797000  0.1912
1.798000  0.1909
1.799000  0.1906
1.800000  0.1903
1.801000  0.1899
1.802000  0.1896
1.803000  0.1893
1.804000  0.1890
1.805000  0.1886
1.806000  0.1883
1.807000  0.1880
1.808000  0.1877
1.809000  0.1874
1.810000  0.1870
1.811000  0.1867
1.812000  0.1864
1.813000  0.1861
1.814000  0.1858
1.815000  0.1854
1.816000  0.1851
1.817000  0.1848
1.818000  0.1845
1.819000  0.1842
1.820000  0.1839
1.821000  0.1836
1.822000  0.1832
1.823000  0.1829
1.824000  0.1826
1.825000  0.1823
1.826000  0.1820
1.827000  0.1817
1.828000  0.1814
1.829000  0.1811
1.830000  0.1808
1.831000  0.1805
1.832000  0.1802
1.833000  0.1798
1.834000  0.1795
1.835000  0.1792
1.836000  0.1789
1.837000  0.1786
1.838000  0.1783
1.839000  0.1780
1.840000  0.1777
1.841000  0.1774
1.842000  0.1771
1.843000  0.1768
1.844000  0.1765
1.845000  0.1762
1.846000  0.1759
1.847000  0.1756
1.848000  0.1753
1.849000  0.1750
1.850000  0.1747
1.851000  0.1744
1.852000  0.1741
1.853000  0.1738
1.854000  0.1735
1.855000  0.1733
1.856000  0.1730
1.857000  0.1727
1.858000  0.1724
1.859000  0.1721
1.860000  0.1718
1.861000  0.1715
1.862000  0.1712
1.863000  0.1709
1.864000  0.1706
1.865000  0.1703
1.866000  0.1701
1.867000  0.1698
1.868000  0.1695
1.869000  0.1692
1.870000  0.1689
1.871000  0.1686
1.872000  0.1683
1.873000  0.1681
1.874000  0.1678
1.875000  0.1675
1.876000  0.1672
1.877000  0.1669
1.878000  0.1666
1.879000  0.1664
1.880000  0.1661
1.881000  0.1658
1.882000  0.1655
1.883000  0.1652
1.884000  0.1650
1.885000  0.1647
1.886000  0.1644
1.887000  0.1641
1.888000  0.1639
1.889000  0.1636
1.890000  0.1633
1.891000  0.1630
1.892000  0.1628
1.893000  0.1625
1.894000  0.1622
1.895000  0.1619
1.896000  0.1617
1.897000  0.1614
1.898000  0.1611
1.899000  0.1609
1.900000  0.1606
1.901000  0.1603
1.902000  0.1600
1.903000  0.1598
1.904000  0.1595
1.905000  0.1592
1.906000  0.1590
1.907000  0.1587
1.908000  0.1584
1.909000  0.1582
1.910000  0.1579
1.911000  0.1576
1.912000  0.1574
1.913000  0.1571
1.914000  0.1569
1.915000  0.1566
1.916000  0.1563
1.917000  0.1561
1.918000  0.1558
1.919000  0.1555
1.920000  0.1553
1.921000  0.1550
1.922000  0.1548
1.923000  0.1545
1.924000  0.1543
1.925000  0.1540
1.926000  0.1537
1.927000  0.1535
1.928000  0.1532
1.929000  0.1530
1.930000  0.1527
1.931000  0.1525
1.932000  0.1522
1.933000  0.1519
1.934000  0.1517
1.935000  0.1514
1.936000  0.1512
1.937000  0.1509
1.938000  0.1507
1.939000  0.1504
1.940000  0.1502
1.941000  0.1499
1.942000  0.1497
1.943000  0.1494
1.944000  0.1492
1.945000  0.1489
1.946000  0.1487
1.947000  0.1484
1.948000  0.1482
1.949000  0.1479
1.950000  0.1477
1.951000  0.1474
1.952000  0.1472
1.953000  0.1470
1.954000  0.1467
1.955000  0.1465
1.956000  0.1462
1.957000  0.1460
1.958000  0.1457
1.959000  0.1455
1.960000  0.1453
1.961000  0.1450
1.962000  0.1448
1.963000  0.1445
1.964000  0.1443
1.965000  0.1440
1.966000  0.1438
1.967000  0.1436
1.968000  0.1433
1.969000  0.1431
1.970000  0.1429
1.971000  0.1426
1.972000  0.1424
1.973000  0.1421
1.974000  0.1419
1.975000  0.1417
1.976000  0.1414
1.977000  0.1412
1.978000  0.1410
1.979000  0.1407
1.980000  0.1405
1.981000  0.1403
1.982000  0.1400
1.983000  0.1398
1.984000  0.1396
1.985000  0.1393
1.986000  0.1391
1.987000  0.1389
1.988000  0.1386
1.989000  0.1384
1.990000  0.1382
1.991000  0.1380
1.992000  0.1377
1.993000  0.1375
1.994000  0.1373
1.995000  0.1370
1.996000  0.1368
1.997000  0.1366
1.998000  0.1364
1.999000  0.1361
2.000000  0.1359
2.001000  0.1357
2.002000  0.1355
2.003000  0.1352
2.004000  0.1350
2.005000  0.1348
2.006000  0.1346
2.007000  0.1344
2.008000  0.1341
2.009000  0.1339
2.010000  0.1337
2.011000  0.1335
2.012000  0.1332
2.013000  0.1330
2.014000  0.1328
2.015000  0.1326
2.016000  0.1324
2.017000  0.1322
2.018000  0.1319
2.019000  0.1317
2.020000  0.1315
2.021000  0.1313
2.022000  0.1311
2.023000  0.1308
2.024000  0.1306
2.025000  0.1304
2.026000  0.1302
2.027000  0.1300
2.028000  0.1298
2.029000  0.1296
2.030000  0.1293
2.031000  0.1291
2.032000  0.1289
2.033000  0.1287
2.034000  0.1285
2.035000  0.1283
2.036000  0.1281
2.037000  0.1279
2.038000  0.1277
2.039000  0.1274
2.040000  0.1272
2.041000  0.1270
2.042000  0.1268
2.043000  0.1266
2.044000  0.1264
2.045000  0.1262
2.046000  0.1260
2.047000  0.1258
2.048000  0.1256
2.049000  0.1254
2.050000  0.1252
2.051000  0.1250
2.052000  0.1247
2.053000  0.1245
2.054000  0.1243
2.055000  0.1241
2.056000  0.1239
2.057000  0.1237
2.058000  0.1235
2.059000  0.1233
2.060000  0.1231
2.061000  0.1229
2.062000  0.1227
2.063000  0.1225
2.064000  0.1223
2.065000  0.1221
2.066000  0.1219
2.067000  0.1217
2.068000  0.1215
2.069000  0.1213
2.070000  0.1211
2.071000  0.1209
2.072000  0.1207
2.073000  0.1205
2.074000  0.1203
2.075000  0.1201
2.076000  0.1199
2.077000  0.1197
2.078000  0.1195
2.079000  0.1193
2.080000  0.1191
2.081000  0.1189
2.082000  0.1188
2.083000  0.1186
2.084000  0.1184
2.085000  0.1182
2.086000  0.1180
2.087000  0.1178
2.088000  0.1176
2.089000  0.1174
2.090000  0.1172
2.091000  0.1170
2.092000  0.1168
2.093000  0.1166
2.094000  0.1164
2.095000  0.1163
2.096000  0.1161
2.097000  0.1159
2.098000  0.1157
2.099000  0.1155
2.100000  0.1153
2.101000  0.1151
2.102000  0.1149
2.103000  0.1147
2.104000  0.1146
2.105000  0.1144
2.106000  0.1142
2.107000  0.1140
2.108000  0.1138
2.109000  0.1136
2.110000  0.1134
2.111000  0.1133
2.112000  0.1131
2.113000  0.1129
2.114000  0.1127
2.115000  0.1125
2.116000  0.1123
2.117000  0.1121
2.118000  0.1120
2.119000  0.1118
2.120000  0.1116
2.121000  0.1114
2.122000  0.1112
2.123000  0.1111
2.124000  0.1109
2.125000  0.1107
2.126000  0.1105
2.127000  0.1103
2.128000  0.1102
2.129000  0.1100
2.130000  0.1098
2.131000  0.1096
2.132000  0.1094
2.133000  0.1093
2.134000  0.1091
2.135000  0.1089
2.136000  0.1087
2.137000  0.1086
2.138000  0.1084
2.139000  0.1082
2.140000  0.1080
2.141000  0.1078
2.142000  0.1077
2.143000  0.1075
2.144000  0.1073
2.145000  0.1071
2.146000  0.1070
2.147000  0.1068
2.148000  0.1066
2.149000  0.1065
2.150000  0.1063
2.151000  0.1061
2.152000  0.1059
2.153000  0.1058
2.154000  0.1056
2.155000  0.1054
2.156000  0.1052
2.157000  0.1051
2.158000  0.1049
2.159000  0.1047
2.160000  0.1046
2.161000  0.1044
2.162000  0.1042
2.163000  0.1041
2.164000  0.1039
2.165000  0.1037
2.166000  0.1036
2.167000  0.1034
2.168000  0.1032
2.169000  0.1030
2.170000  0.1029
2.171000  0.1027
2.172000  0.1025
2.173000  0.1024
2.174000  0.1022
2.175000  0.1021
2.176000  0.1019
2.177000  0.1017
2.178000  0.1016
2.179000  0.1014
2.180000  0.1012
2.181000  0.1011
2.182000  0.1009
2.183000  0.1007
2.184000  0.1006
2.185000  0.1004
2.186000  0.1002
2.187000  0.1001
2.188000  0.0999
2.189000  0.0998
2.190000  0.0996
2.191000  0.0994
2.192000  0.0993
2.193000  0.0991
2.194000  0.0990
2.195000  0.0988
2.196000  0.0986
2.197000  0.0985
2.198000  0.0983
2.199000  0.0982
2.200000  0.0980
2.201000  0.0978
2.202000  0.0977
2.203000  0.0975
2.204000  0.0974
2.205000  0.0972
2.206000  0.0971
2.207000  0.0969
2.208000  0.0967
2.209000  0.0966
2.210000  0.0964
2.211000  0.0963
2.212000  0.0961
2.213000  0.0960
2.214000  0.0958
2.215000  0.0957
2.216000  0.0955
2.217000  0.0953
2.218000  0.0952
2.219000  0.0950
2.220000  0.0949
2.221000  0.0947
2.222000  0.0946
2.223000  0.0944
2.224000  0.0943
2.225000  0.0941
2.226000  0.0940
2.227000  0.0938
2.228000  0.0937
2.229000  0.0935
2.230000  0.0934
2.231000  0.0932
2.232000  0.0931
2.233000  0.0929
2.234000  0.0928
2.235000  0.0926
2.236000  0.0925
2.237000  0.0923
2.238000  0.0922
2.239000  0.0920
2.240000  0.0919
2.241000  0.0917
2.242000  0.0916
2.243000  0.0914
2.244000  0.0913
2.245000  0.0911
2.246000  0.0910
2.247000  0.0908
2.248000  0.0907
2.249000  0.0905
2.250000  0.0904
2.251000  0.0903
2.252000  0.0901
2.253000  0.0900
2.254000  0.0898
2.255000  0.0897
2.256000  0.0895
2.257000  0.0894
2.258000  0.0892
2.259000  0.0891
2.260000  0.0890
2.261000  0.0888
2.262000  0.0887
2.263000  0.0885
2.264000  0.0884
2.265000  0.0882
2.266000  0.0881
2.267000  0.0880
2.268000  0.0878
2.269000  0.0877
2.270000  0.0875
2.271000  0.0874
2.272000  0.0873
2.273000  0.0871
2.274000  0.0870
2.275000  0.0868
2.276000  0.0867
2.277000  0.0866
2.278000  0.0864
2.279000  0.0863
2.280000  0.0861
2.281000  0.0860
2.282000  0.0859
2.283000  0.0857
2.284000  0.0856
2.285000  0.0855
2.286000  0.0853
2.287000  0.0852
2.288000  0.0850
2.289000  0.0849
2.290000  0.0848
2.291000  0.0846
2.292000  0.0845
2.293000  0.0844
2.294000  0.0842
2.295000  0.0841
2.296000  0.0840
2.297000  0.0838
2.298000  0.0837
2.299000  0.0836
2.300000  0.0834
2.301000  0.0833
2.302000  0.0832
2.303000  0.0830
2.304000  0.0829
2.305000  0.0828
2.306000  0.0826
2.307000  0.0825
2.308000  0.0824
2.309000  0.0822
2.310000  0.0821
2.311000  0.0820
2.312000  0.0818
2.313000  0.0817
2.314000  0.0816
2.315000  0.0814
2.316000  0.0813
2.317000  0.0812
2.318000  0.0810
2.319000  0.0809
2.320000  0.0808
2.321000  0.0807
2.322000  0.0805
2.323000  0.0804
2.324000  0.0803
2.325000  0.0801
2.326000  0.0800
2.327000  0.0799
2.328000  0.0798
2.329000  0.0796
2.330000  0.0795
2.331000  0.0794
2.332000  0.0793
2.333000  0.0791
2.334000  0.0790
2.335000  0.0789
2.336000  0.0787
2.337000  0.0786
2.338000  0.0785
2.339000  0.0784
2.340000  0.0782
2.341000  0.0781
2.342000  0.0780
2.343000  0.0779
2.344000  0.0777
2.345000  0.0776
2.346000  0.0775
2.347000  0.0774
2.348000  0.0773
2.349000  0.0771
2.350000  0.0770
2.351000  0.0769
2.352000  0.0768
2.353000  0.0766
2.354000  0.0765
2.355000  0.0764
2.356000  0.0763
2.357000  0.0761
2.358000  0.0760
2.359000  0.0759
2.360000  0.0758
2.361000  0.0757
2.362000  0.0755
2.363000  0.0754
2.364000  0.0753
2.365000  0.0752
2.366000  0.0751
2.367000  0.0749
2.368000  0.0748
2.369000  0.0747
2.370000  0.0746
2.371000  0.0745
2.372000  0.0743
2.373000  0.0742
2.374000  0.0741
2.375000  0.0740
2.376000  0.0739
2.377000  0.0738
2.378000  0.0736
2.379000  0.0735
2.380000  0.0734
2.381000  0.0733
2.382000  0.0732
2.383000  0.0731
2.384000  0.0729
2.385000  0.0728
2.386000  0.0727
2.387000  0.0726
2.388000  0.0725
2.389000  0.0724
2.390000  0.0722
2.391000  0.0721
2.392000  0.0720
2.393000  0.0719
2.394000  0.0718
2.395000  0.0717
2.396000  0.0716
2.397000  0.0714
2.398000  0.0713
2.399000  0.0712
2.400000  0.0711
2.401000  0.0710
2.402000  0.0709
2.403000  0.0708
2.404000  0.0707
2.405000  0.0705
2.406000  0.0704
2.407000  0.0703
2.408000  0.0702
2.409000  0.0701
2.410000  0.0700
2.411000  0.0699
2.412000  0.0698
2.413000  0.0696
2.414000  0.0695
2.415000  0.0694
2.416000  0.0693
2.417000  0.0692
2.418000  0.0691
2.419000  0.0690
2.420000  0.0689
2.421000  0.0688
2.422000  0.0687
2.423000  0.0685
2.424000  0.0684
2.425000  0.0683
2.426000  0.0682
2.427000  0.0681
2.428000  0.0680
2.429000  0.0679
2.430000  0.0678
2.431000  0.0677
2.432000  0.0676
2.433000  0.0675
2.434000  0.0674
2.435000  0.0673
2.436000  0.0671
2.437000  0.0670
2.438000  0.0669
2.439000  0.0668
2.440000  0.0667
2.441000  0.0666
2.442000  0.0665
2.443000  0.0664
2.444000  0.0663
2.445000  0.0662
2.446000  0.0661
2.447000  0.0660
2.448000  0.0659
2.449000  0.0658
2.450000  0.0657
2.451000  0.0656
2.452000  0.0655
2.453000  0.0654
2.454000  0.0653
2.455000  0.0652
2.456000  0.0650
2.457000  0.0649
2.458000  0.0648
2.459000  0.0647
2.460000  0.0646
2.461000  0.0645
2.462000  0.0644
2.463000  0.0643
2.464000  0.0642
2.465000  0.0641
2.466000  0.0640
2.467000  0.0639
2.468000  0.0638
2.469000  0.0637
2.470000  0.0636
2.471000  0.0635
2.472000  0.0634
2.473000  0.0633
2.474000  0.0632
2.475000  0.0631
2.476000  0.0630
2.477000  0.0629
2.478000  0.0628
2.479000  0.0627
2.480000  0.0626
2.481000  0.0625
2.482000  0.0624
2.483000  0.0623
2.484000  0.0622
2.485000  0.0621
2.486000  0.0620
2.487000  0.0619
2.488000  0.0618
2.489000  0.0617
2.490000  0.0616
2.491000  0.0615
2.492000  0.0614
2.493000  0.0613
2.494000  0.0612
2.495000  0.0612
2.496000  0.0611
2.497000  0.0610
2.498000  0.0609
2.499000  0.0608
2.500000  0.0607
2.501000  0.0606
2.502000  0.0605
2.503000  0.0604
2.504000  0.0603
2.505000  0.0602
2.506000  0.0601
2.507000  0.0600
2.508000  0.0599
2.509000  0.0598
2.510000  0.0597
2.511000  0.0596
2.512000  0.0595
2.513000  0.0594
2.514000  0.0593
2.515000  0.0592
2.516000  0.0592
2.517000  0.0591
2.518000  0.0590
2.519000  0.0589
2.520000  0.0588
2.521000  0.0587
2.522000  0.0586
2.523000  0.0585
2.524000  0.0584
2.525000  0.0583
2.526000  0.0582
2.527000  0.0581
2.528000  0.0580
2.529000  0.0579
2.530000  0.0579
2.531000  0.0578
2.532000  0.0577
2.533000  0.0576
2.534000  0.0575
2.535000  0.0574
2.536000  0.0573
2.537000  0.0572
2.538000  0.0571
2.539000  0.0570
2.540000  0.0570
2.541000  0.0569
2.542000  0.0568
2.543000  0.0567
2.544000  0.0566
2.545000  0.0565
2.546000  0.0564
2.547000  0.0563
2.548000  0.0562
2.549000  0.0561
2.550000  0.0561
2.551000  0.0560
2.552000  0.0559
2.553000  0.0558
2.554000  0.0557
2.555000  0.0556
2.556000  0.0555
2.557000  0.0554
2.558000  0.0554
2.559000  0.0553
2.560000  0.0552
2.561000  0.0551
2.562000  0.0550
2.563000  0.0549
2.564000  0.0548
2.565000  0.0547
2.566000  0.0547
2.567000  0.0546
2.568000  0.0545
2.569000  0.0544
2.570000  0.0543
2.571000  0.0542
2.572000  0.0541
2.573000  0.0541
2.574000  0.0540
2.575000  0.0539
2.576000  0.0538
2.577000  0.0537
2.578000  0.0536
2.579000  0.0536
2.580000  0.0535
2.581000  0.0534
2.582000  0.0533
2.583000  0.0532
2.584000  0.0531
2.585000  0.0531
2.586000  0.0530
2.587000  0.0529
2.588000  0.0528
2.589000  0.0527
2.590000  0.0526
2.591000  0.0526
2.592000  0.0525
2.593000  0.0524
2.594000  0.0523
2.595000  0.0522
2.596000  0.0521
2.597000  0.0521
2.598000  0.0520
2.599000  0.0519
2.600000  0.0518
2.601000  0.0517
2.602000  0.0516
2.603000  0.0516
2.604000  0.0515
2.605000  0.0514
2.606000  0.0513
2.607000  0.0512
2.608000  0.0512
2.609000  0.0511
2.610000  0.0510
2.611000  0.0509
2.612000  0.0508
2.613000  0.0508
2.614000  0.0507
2.615000  0.0506
2.616000  0.0505
2.617000  0.0504
2.618000  0.0504
2.619000  0.0503
2.620000  0.0502
2.621000  0.0501
2.622000  0.0500
2.623000  0.0500
2.624000  0.0499
2.625000  0.0498
2.626000  0.0497
2.627000  0.0497
2.628000  0.0496
2.629000  0.0495
2.630000  0.0494
2.631000  0.0493
2.632000  0.0493
2.633000  0.0492
2.634000  0.0491
2.635000  0.0490
2.636000  0.0490
2.637000  0.0489
2.638000  0.0488
2.639000  0.0487
2.640000  0.0487
2.641000  0.0486
2.642000  0.0485
2.643000  0.0484
2.644000  0.0483
2.645000  0.0483
2.646000  0.0482
2.647000  0.0481
2.648000  0.0480
2.649000  0.0480
2.650000  0.0479
2.651000  0.0478
2.652000  0.0477
2.653000  0.0477
2.654000  0.0476
2.655000  0.0475
2.656000  0.0474
2.657000  0.0474
2.658000  0.0473
2.659000  0.0472
2.660000  0.0471
2.661000  0.0471
2.662000  0.0470
2.663000  0.0469
2.664000  0.0469
2.665000  0.0468
2.666000  0.0467
2.667000  0.0466
2.668000  0.0466
2.669000  0.0465
2.670000  0.0464
2.671000  0.0463
2.672000  0.0463
2.673000  0.0462
2.674000  0.0461
2.675000  0.0461
2.676000  0.0460
2.677000  0.0459
2.678000  0.0458
2.679000  0.0458
2.680000  0.0457
2.681000  0.0456
2.682000  0.0455
2.683000  0.0455
2.684000  0.0454
2.685000  0.0453
2.686000  0.0453
2.687000  0.0452
2.688000  0.0451
2.689000  0.0451
2.690000  0.0450
2.691000  0.0449
2.692000  0.0448
2.693000  0.0448
2.694000  0.0447
2.695000  0.0446
2.696000  0.0446
2.697000  0.0445
2.698000  0.0444
2.699000  0.0444
2.700000  0.0443
2.701000  0.0442
2.702000  0.0441
2.703000  0.0441
2.704000  0.0440
2.705000  0.0439
2.706000  0.0439
2.707000  0.0438
2.708000  0.0437
2.709000  0.0437
2.710000  0.0436
2.711000  0.0435
2.712000  0.0435
2.713000  0.0434
2.714000  0.0433
2.715000  0.0433
2.716000  0.0432
2.717000  0.0431
2.718000  0.0431
2.719000  0.0430
2.720000  0.0429
2.721000  0.0428
2.722000  0.0428
2.723000  0.0427
2.724000  0.0426
2.725000  0.0426
2.726000  0.0425
2.727000  0.0424
2.728000  0.0424
2.729000  0.0423
2.730000  0.0423
2.731000  0.0422
2.732000  0.0421
2.733000  0.0421
2.734000  0.0420
2.735000  0.0419
2.736000  0.0419
2.737000  0.0418
2.738000  0.0417
2.739000  0.0417
2.740000  0.0416
2.741000  0.0415
2.742000  0.0415
2.743000  0.0414
2.744000  0.0413
2.745000  0.0413
2.746000  0.0412
2.747000  0.0411
2.748000  0.0411
2.749000  0.0410
2.750000  0.0409
2.751000  0.0409
2.752000  0.0408
2.753000  0.0408
2.754000  0.0407
2.755000  0.0406
2.756000  0.0406
2.757000  0.0405
2.758000  0.0404
2.759000  0.0404
2.760000  0.0403
2.761000  0.0403
2.762000  0.0402
2.763000  0.0401
2.764000  0.0401
2.765000  0.0400
2.766000  0.0399
2.767000  0.0399
2.768000  0.0398
2.769000  0.0397
2.770000  0.0397
2.771000  0.0396
2.772000  0.0396
2.773000  0.0395
2.774000  0.0394
2.775000  0.0394
2.776000  0.0393
2.777000  0.0393
2.778000  0.0392
2.779000  0.0391
2.780000  0.0391
2.781000  0.0390
2.782000  0.0390
2.783000  0.0389
2.784000  0.0388
2.785000  0.0388
2.786000  0.0387
2.787000  0.0386
2.788000  0.0386
2.789000  0.0385
2.790000  0.0385
2.791000  0.0384
2.792000  0.0383
2.793000  0.0383
2.794000  0.0382
2.795000  0.0382
2.796000  0.0381
2.797000  0.0380
2.798000  0.0380
2.799000  0.0379
2.800000  0.0379
2.801000  0.0378
2.802000  0.0378
2.803000  0.0377
2.804000  0.0376
2.805000  0.0376
2.806000  0.0375
2.807000  0.0375
2.808000  0.0374
2.809000  0.0373
2.810000  0.0373
2.811000  0.0372
2.812000  0.0372
2.813000  0.0371
2.814000  0.0371
2.815000  0.0370
2.816000  0.0369
2.817000  0.0369
2.818000  0.0368
2.819000  0.0368
2.820000  0.0367
2.821000  0.0367
2.822000  0.0366
2.823000  0.0365
2.824000  0.0365
2.825000  0.0364
2.826000  0.0364
2.827000  0.0363
2.828000  0.0363
2.829000  0.0362
2.830000  0.0361
2.831000  0.0361
2.832000  0.0360
2.833000  0.0360
2.834000  0.0359
2.835000  0.0359
2.836000  0.0358
2.837000  0.0357
2.838000  0.0357
2.839000  0.0356
2.840000  0.0356
2.841000  0.0355
2.842000  0.0355
2.843000  0.0354
2.844000  0.0354
2.845000  0.0353
2.846000  0.0352
2.847000  0.0352
2.848000  0.0351
2.849000  0.0351
2.850000  0.0350
2.851000  0.0350
2.852000  0.0349
2.853000  0.0349
2.854000  0.0348
2.855000  0.0348
2.856000  0.0347
2.857000  0.0346
2.858000  0.0346
2.859000  0.0345
2.860000  0.0345
2.861000  0.0344
2.862000  0.0344
2.863000  0.0343
2.864000  0.0343
2.865000  0.0342
2.866000  0.0342
2.867000  0.0341
2.868000  0.0341
2.869000  0.0340
2.870000  0.0340
2.871000  0.0339
2.872000  0.0338
2.873000  0.0338
2.874000  0.0337
2.875000  0.0337
2.876000  0.0336
2.877000  0.0336
2.878000  0.0335
2.879000  0.0335
2.880000  0.0334
2.881000  0.0334
2.882000  0.0333
2.883000  0.0333
2.884000  0.0332
2.885000  0.0332
2.886000  0.0331
2.887000  0.0331
2.888000  0.0330
2.889000  0.0330
2.890000  0.0329
2.891000  0.0329
2.892000  0.0328
2.893000  0.0328
2.894000  0.0327
2.895000  0.0327
2.896000  0.0326
2.897000  0.0326
2.898000  0.0325
2.899000  0.0325
2.900000  0.0324
2.901000  0.0324
2.902000  0.0323
2.903000  0.0323
2.904000  0.0322
2.905000  0.0322
2.906000  0.0321
2.907000  0.0321
2.908000  0.0320
2.909000  0.0320
2.910000  0.0319
2.911000  0.0319
2.912000  0.0318
2.913000  0.0318
2.914000  0.0317
2.915000  0.0317
2.916000  0.0316
2.917000  0.0316
2.918000  0.0315
2.919000  0.0315
2.920000  0.0314
2.921000  0.0314
2.922000  0.0313
2.923000  0.0313
2.924000  0.0312
2.925000  0.0312
2.926000  0.0311
2.927000  0.0311
2.928000  0.0310
2.929000  0.0310
2.930000  0.0309
2.931000  0.0309
2.932000  0.0308
2.933000  0.0308
2.934000  0.0307
2.935000  0.0307
2.936000  0.0306
2.937000  0.0306
2.938000  0.0305
2.939000  0.0305
2.940000  0.0305
2.941000  0.0304
2.942000  0.0304
2.943000  0.0303
2.944000  0.0303
2.945000  0.0302
2.946000  0.0302
2.947000  0.0301
2.948000  0.0301
2.949000  0.0300
2.950000  0.0300
2.951000  0.0299
2.952000  0.0299
2.953000  0.0298
2.954000  0.0298
2.955000  0.0297
2.956000  0.0297
2.957000  0.0297
2.958000  0.0296
2.959000  0.0296
2.960000  0.0295
2.961000  0.0295
2.962000  0.0294
2.963000  0.0294
2.964000  0.0293
2.965000  0.0293
2.966000  0.0292
2.967000  0.0292
2.968000  0.0292
2.969000  0.0291
2.970000  0.0291
2.971000  0.0290
2.972000  0.0290
2.973000  0.0289
2.974000  0.0289
2.975000  0.0288
2.976000  0.0288
2.977000  0.0287
2.978000  0.0287
2.979000  0.0287
2.980000  0.0286
2.981000  0.0286
2.982000  0.0285
2.983000  0.0285
2.984000  0.0284
2.985000  0.0284
2.986000  0.0284
2.987000  0.0283
2.988000  0.0283
2.989000  0.0282
2.990000  0.0282
2.991000  0.0281
2.992000  0.0281
2.993000  0.0280
2.994000  0.0280
2.995000  0.0280
2.996000  0.0279
2.997000  0.0279
2.998000  0.0278
2.999000  0.0278
3.000000  0.0277
3.001000  0.0277
3.002000  0.0277
3.003000  0.0276
3.004000  0.0276
3.005000  0.0275
3.006000  0.0275
3.007000  0.0274
3.008000  0.0274
3.009000  0.0274
3.010000  0.0273
3.011000  0.0273
3.012000  0.0272
3.013000  0.0272
3.014000  0.0271
3.015000  0.0271
3.016000  0.0271
3.017000  0.0270
3.018000  0.0270
3.019000  0.0269
3.020000  0.0269
3.021000  0.0269
3.022000  0.0268
3.023000  0.0268
3.024000  0.0267
3.025000  0.0267
3.026000  0.0266
3.027000  0.0266
3.028000  0.0266
3.029000  0.0265
3.030000  0.0265
3.031000  0.0264
3.032000  0.0264
3.033000  0.0264
3.034000  0.0263
3.035000  0.0263
3.036000  0.0262
3.037000  0.0262
3.038000  0.0262
3.039000  0.0261
3.040000  0.0261
3.041000  0.0260
3.042000  0.0260
3.043000  0.0260
3.044000  0.0259
3.045000  0.0259
3.046000  0.0258
3.047000  0.0258
3.048000  0.0258
3.049000  0.0257
3.050000  0.0257
3.051000  0.0256
3.052000  0.0256
3.053000  0.0256
3.054000  0.0255
3.055000  0.0255
3.056000  0.0254
3.057000  0.0254
3.058000  0.0254
3.059000  0.0253
3.060000  0.0253
3.061000  0.0252
3.062000  0.0252
3.063000  0.0252
3.064000  0.0251
3.065000  0.0251
3.066000  0.0250
3.067000  0.0250
3.068000  0.0250
3.069000  0.0249
3.070000  0.0249
3.071000  0.0248
3.072000  0.0248
3.073000  0.0248
3.074000  0.0247
3.075000  0.0247
3.076000  0.0247
3.077000  0.0246
3.078000  0.0246
3.079000  0.0245
3.080000  0.0245
3.081000  0.0245
3.082000  0.0244
3.083000  0.0244
3.084000  0.0244
3.085000  0.0243
3.086000  0.0243
3.087000  0.0242
3.088000  0.0242
3.089000  0.0242
3.090000  0.0241
3.091000  0.0241
3.092000  0.0241
3.093000  0.0240
3.094000  0.0240
3.095000  0.0239
3.096000  0.0239
3.097000  0.0239
3.098000  0.0238
3.099000  0.0238
3.100000  0.0238
3.101000  0.0237
3.102000  0.0237
3.103000  0.0236
3.104000  0.0236
3.105000  0.0236
3.106000  0.0235
3.107000  0.0235
3.108000  0.0235
3.109000  0.0234
3.110000  0.0234
3.111000  0.0234
3.112000  0.0233
3.113000  0.0233
3.114000  0.0232
3.115000  0.0232
3.116000  0.0232
3.117000  0.0231
3.118000  0.0231
3.119000  0.0231
3.120000  0.0230
3.121000  0.0230
3.122000  0.0230
3.123000  0.0229
3.124000  0.0229
3.125000  0.0229
3.126000  0.0228
3.127000  0.0228
3.128000  0.0228
3.129000  0.0227
3.130000  0.0227
3.131000  0.0226
3.132000  0.0226
3.133000  0.0226
3.134000  0.0225
3.135000  0.0225
3.136000  0.0225
3.137000  0.0224
3.138000  0.0224
3.139000  0.0224
3.140000  0.0223
3.141000  0.0223
3.142000  0.0223
3.143000  0.0222
3.144000  0.0222
3.145000  0.0222
3.146000  0.0221
3.147000  0.0221
3.148000  0.0221
3.149000  0.0220
3.150000  0.0220
3.151000  0.0220
3.152000  0.0219
3.153000  0.0219
3.154000  0.0219
3.155000  0.0218
3.156000  0.0218
3.157000  0.0218
3.158000  0.0217
3.159000  0.0217
3.160000  0.0217
3.161000  0.0216
3.162000  0.0216
3.163000  0.0216
3.164000  0.0215
3.165000  0.0215
3.166000  0.0215
3.167000  0.0214
3.168000  0.0214
3.169000  0.0214
3.170000  0.0213
3.171000  0.0213
3.172000  0.0213
3.173000  0.0212
3.174000  0.0212
3.175000  0.0212
3.176000  0.0211
3.177000  0.0211
3.178000  0.0211
3.179000  0.0210
3.180000  0.0210
3.181000  0.0210
3.182000  0.0209
3.183000  0.0209
3.184000  0.0209
3.185000  0.0208
3.186000  0.0208
3.187000  0.0208
3.188000  0.0207
3.189000  0.0207
3.190000  0.0207
3.191000  0.0206
3.192000  0.0206
3.193000  0.0206
3.194000  0.0205
3.195000  0.0205
3.196000  0.0205
3.197000  0.0204
3.198000  0.0204
3.199000  0.0204
3.200000  0.0204
3.201000  0.0203
3.202000  0.0203
3.203000  0.0203
3.204000  0.0202
3.205000  0.0202
3.206000  0.0202
3.207000  0.0201
3.208000  0.0201
3.209000  0.0201
3.210000  0.0200
3.211000  0.0200
3.212000  0.0200
3.213000  0.0199
3.214000  0.0199
3.215000  0.0199
3.216000  0.0199
3.217000  0.0198
3.218000  0.0198
3.219000  0.0198
3.220000  0.0197
3.221000  0.0197
3.222000  0.0197
3.223000  0.0196
3.224000  0.0196
3.225000  0.0196
3.226000  0.0196
3.227000  0.0195
3.228000  0.0195
3.229000  0.0195
3.230000  0.0194
3.231000  0.0194
3.232000  0.0194
3.233000  0.0193
3.234000  0.0193
3.235000  0.0193
3.236000  0.0193
3.237000  0.0192
3.238000  0.0192
3.239000  0.0192
3.240000  0.0191
3.241000  0.0191
3.242000  0.0191
3.243000  0.0190
3.244000  0.0190
3.245000  0.0190
3.246000  0.0190
3.247000  0.0189
3.248000  0.0189
3.249000  0.0189
3.250000  0.0188
3.251000  0.0188
3.252000  0.0188
3.253000  0.0188
3.254000  0.0187
3.255000  0.0187
3.256000  0.0187
3.257000  0.0186
3.258000  0.0186
3.259000  0.0186
3.260000  0.0186
3.261000  0.0185
3.262000  0.0185
3.263000  0.0185
3.264000  0.0184
3.265000  0.0184
3.266000  0.0184
3.267000  0.0184
3.268000  0.0183
3.269000  0.0183
3.270000  0.0183
3.271000  0.0182
3.272000  0.0182
3.273000  0.0182
3.274000  0.0182
3.275000  0.0181
3.276000  0.0181
3.277000  0.0181
3.278000  0.0180
3.279000  0.0180
3.280000  0.0180
3.281000  0.0180
3.282000  0.0179
3.283000  0.0179
3.284000  0.0179
3.285000  0.0178
3.286000  0.0178
3.287000  0.0178
3.288000  0.0178
3.289000  0.0177
3.290000  0.0177
3.291000  0.0177
3.292000  0.0177
3.293000  0.0176
3.294000  0.0176
3.295000  0.0176
3.296000  0.0175
3.297000  0.0175
3.298000  0.0175
3.299000  0.0175
3.300000  0.0174
3.301000  0.0174
3.302000  0.0174
3.303000  0.0174
3.304000  0.0173
3.305000  0.0173
3.306000  0.0173
3.307000  0.0173
3.308000  0.0172
3.309000  0.0172
3.310000  0.0172
3.311000  0.0171
3.312000  0.0171
3.313000  0.0171
3.314000  0.0171
3.315000  0.0170
3.316000  0.0170
3.317000  0.0170
3.318000  0.0170
3.319000  0.0169
3.320000  0.0169
3.321000  0.0169
3.322000  0.0169
3.323000  0.0168
3.324000  0.0168
3.325000  0.0168
3.326000  0.0168
3.327000  0.0167
3.328000  0.0167
3.329000  0.0167
3.330000  0.0167
3.331000  0.0166
3.332000  0.0166
3.333000  0.0166
3.334000  0.0166
3.335000  0.0165
3.336000  0.0165
3.337000  0.0165
3.338000  0.0164
3.339000  0.0164
3.340000  0.0164
3.341000  0.0164
3.342000  0.0163
3.343000  0.0163
3.344000  0.0163
3.345000  0.0163
3.346000  0.0162
3.347000  0.0162
3.348000  0.0162
3.349000  0.0162
3.350000  0.0161
3.351000  0.0161
3.352000  0.0161
3.353000  0.0161
3.354000  0.0160
3.355000  0.0160
3.356000  0.0160
3.357000  0.0160
3.358000  0.0159
3.359000  0.0159
3.360000  0.0159
3.361000  0.0159
3.362000  0.0159
3.363000  0.0158
3.364000  0.0158
3.365000  0.0158
3.366000  0.0158
3.367000  0.0157
3.368000  0.0157
3.369000  0.0157
3.370000  0.0157
3.371000  0.0156
3.372000  0.0156
3.373000  0.0156
3.374000  0.0156
3.375000  0.0155
3.376000  0.0155
3.377000  0.0155
3.378000  0.0155
3.379000  0.0154
3.380000  0.0154
3.381000  0.0154
3.382000  0.0154
3.383000  0.0153
3.384000  0.0153
3.385000  0.0153
3.386000  0.0153
3.387000  0.0153
3.388000  0.0152
3.389000  0.0152
3.390000  0.0152
3.391000  0.0152
3.392000  0.0151
3.393000  0.0151
3.394000  0.0151
3.395000  0.0151
3.396000  0.0150
3.397000  0.0150
3.398000  0.0150
3.399000  0.0150
3.400000  0.0149
3.401000  0.0149
3.402000  0.0149
3.403000  0.0149
3.404000  0.0149
3.405000  0.0148
3.406000  0.0148
3.407000  0.0148
3.408000  0.0148
3.409000  0.0147
3.410000  0.0147
3.411000  0.0147
3.412000  0.0147
3.413000  0.0147
3.414000  0.0146
3.415000  0.0146
3.416000  0.0146
3.417000  0.0146
3.418000  0.0145
3.419000  0.0145
3.420000  0.0145
3.421000  0.0145
3.422000  0.0145
3.423000  0.0144
3.424000  0.0144
3.425000  0.0144
3.426000  0.0144
3.427000  0.0143
3.428000  0.0143
3.429000  0.0143
3.430000  0.0143
3.431000  0.0143
3.432000  0.0142
3.433000  0.0142
3.434000  0.0142
3.435000  0.0142
3.436000  0.0141
3.437000  0.0141
3.438000  0.0141
3.439000  0.0141
3.440000  0.0141
3.441000  0.0140
3.442000  0.0140
3.443000  0.0140
3.444000  0.0140
3.445000  0.0139
3.446000  0.0139
3.447000  0.0139
3.448000  0.0139
3.449000  0.0139
3.450000  0.0138
3.451000  0.0138
3.452000  0.0138
3.453000  0.0138
3.454000  0.0138
3.455000  0.0137
3.456000  0.0137
3.457000  0.0137
3.458000  0.0137
3.459000  0.0137
3.460000  0.0136
3.461000  0.0136
3.462000  0.0136
3.463000  0.0136
3.464000  0.0135
3.465000  0.0135
3.466000  0.0135
3.467000  0.0135
3.468000  0.0135
3.469000  0.0134
3.470000  0.0134
3.471000  0.0134
3.472000  0.0134
3.473000  0.0134
3.474000  0.0133
3.475000  0.0133
3.476000  0.0133
3.477000  0.0133
3.478000  0.0133
3.479000  0.0132
3.480000  0.0132
3.481000  0.0132
3.482000  0.0132
3.483000  0.0132
3.484000  0.0131
3.485000  0.0131
3.486000  0.0131
3.487000  0.0131
3.488000  0.0131
3.489000  0.0130
3.490000  0.0130
3.491000  0.0130
3.492000  0.0130
3.493000  0.0130
3.494000  0.0129
3.495000  0.0129
3.496000  0.0129
3.497000  0.0129
3.498000  0.0129
3.499000  0.0128
3.500000  0.0128
3.501000  0.0128
3.502000  0.0128
3.503000  0.0128
3.504000  0.0127
3.505000  0.0127
3.506000  0.0127
3.507000  0.0127
3.508000  0.0127
3.509000  0.0126
3.510000  0.0126
3.511000  0.0126
3.512000  0.0126
3.513000  0.0126
3.514000  0.0125
3.515000  0.0125
3.516000  0.0125
3.517000  0.0125
3.518000  0.0125
3.519000  0.0124
3.520000  0.0124
3.521000  0.0124
3.522000  0.0124
3.523000  0.0124
3.524000  0.0124
3.525000  0.0123
3.526000  0.0123
3.527000  0.0123
3.528000  0.0123
3.529000  0.0123
3.530000  0.0122
3.531000  0.0122
3.532000  0.0122
3.533000  0.0122
3.534000  0.0122
3.535000  0.0121
3.536000  0.0121
3.537000  0.0121
3.538000  0.0121
3.539000  0.0121
3.540000  0.0121
3.541000  0.0120
3.542000  0.0120
3.543000  0.0120
3.544000  0.0120
3.545000  0.0120
3.546000  0.0119
3.547000  0.0119
3.548000  0.0119
3.549000  0.0119
3.550000  0.0119
3.551000  0.0118
3.552000  0.0118
3.553000  0.0118
3.554000  0.0118
3.555000  0.0118
3.556000  0.0118
3.557000  0.0117
3.558000  0.0117
3.559000  0.0117
3.560000  0.0117
3.561000  0.0117
3.562000  0.0117
3.563000  0.0116
3.564000  0.0116
3.565000  0.0116
3.566000  0.0116
3.567000  0.0116
3.568000  0.0115
3.569000  0.0115
3.570000  0.0115
3.571000  0.0115
3.572000  0.0115
3.573000  0.0115
3.574000  0.0114
3.575000  0.0114
3.576000  0.0114
3.577000  0.0114
3.578000  0.0114
3.579000  0.0114
3.580000  0.0113
3.581000  0.0113
3.582000  0.0113
3.583000  0.0113
3.584000  0.0113
3.585000  0.0112
3.586000  0.0112
3.587000  0.0112
3.588000  0.0112
3.589000  0.0112
3.590000  0.0112
3.591000  0.0111
3.592000  0.0111
3.593000  0.0111
3.594000  0.0111
3.595000  0.0111
3.596000  0.0111
3.597000  0.0110
3.598000  0.0110
3.599000  0.0110
3.600000  0.0110
3.601000  0.0110
3.602000  0.0110
3.603000  0.0109
3.604000  0.0109
3.605000  0.0109
3.606000  0.0109
3.607000  0.0109
3.608000  0.0109
3.609000  0.0108
3.610000  0.0108
3.611000  0.0108
3.612000  0.0108
3.613000  0.0108
3.614000  0.0108
3.615000  0.0107
3.616000  0.0107
3.617000  0.0107
3.618000  0.0107
3.619000  0.0107
3.620000  0.0107
3.621000  0.0106
3.622000  0.0106
3.623000  0.0106
3.624000  0.0106
3.625000  0.0106
3.626000  0.0106
3.627000  0.0105
3.628000  0.0105
3.629000  0.0105
3.630000  0.0105
3.631000  0.0105
3.632000  0.0105
3.633000  0.0104
3.634000  0.0104
3.635000  0.0104
3.636000  0.0104
3.637000  0.0104
3.638000  0.0104
3.639000  0.0104
3.640000  0.0103
3.641000  0.0103
3.642000  0.0103
3.643000  0.0103
3.644000  0.0103
3.645000  0.0103
3.646000  0.0102
3.647000  0.0102
3.648000  0.0102
3.649000  0.0102
3.650000  0.0102
3.651000  0.0102
3.652000  0.0101
3.653000  0.0101
3.654000  0.0101
3.655000  0.0101
3.656000  0.0101
3.657000  0.0101
3.658000  0.0101
3.659000  0.0100
3.660000  0.0100
3.661000  0.0100
3.662000  0.0100
3.663000  0.0100
3.664000  0.0100
3.665000  0.0099
3.666000  0.0099
3.667000  0.0099
3.668000  0.0099
3.669000  0.0099
3.670000  0.0099
3.671000  0.0099
3.672000  0.0098
3.673000  0.0098
3.674000  0.0098
3.675000  0.0098
3.676000  0.0098
3.677000  0.0098
3.678000  0.0097
3.679000  0.0097
3.680000  0.0097
3.681000  0.0097
3.682000  0.0097
3.683000  0.0097
3.684000  0.0097
3.685000  0.0096
3.686000  0.0096
3.687000  0.0096
3.688000  0.0096
3.689000  0.0096
3.690000  0.0096
3.691000  0.0096
3.692000  0.0095
3.693000  0.0095
3.694000  0.0095
3.695000  0.0095
3.696000  0.0095
3.697000  0.0095
3.698000  0.0095
3.699000  0.0094
3.700000  0.0094
3.701000  0.0094
3.702000  0.0094
3.703000  0.0094
3.704000  0.0094
3.705000  0.0094
3.706000  0.0093
3.707000  0.0093
3.708000  0.0093
3.709000  0.0093
3.710000  0.0093
3.711000  0.0093
3.712000  0.0093
3.713000  0.0092
3.714000  0.0092
3.715000  0.0092
3.716000  0.0092
3.717000  0.0092
3.718000  0.0092
3.719000  0.0092
3.720000  0.0091
3.721000  0.0091
3.722000  0.0091
3.723000  0.0091
3.724000  0.0091
3.725000  0.0091
3.726000  0.0091
3.727000  0.0090
3.728000  0.0090
3.729000  0.0090
3.730000  0.0090
3.731000  0.0090
3.732000  0.0090
3.733000  0.0090
3.734000  0.0089
3.735000  0.0089
3.736000  0.0089
3.737000  0.0089
3.738000  0.0089
3.739000  0.0089
3.740000  0.0089
3.741000  0.0089
3.742000  0.0088
3.743000  0.0088
3.744000  0.0088
3.745000  0.0088
3.746000  0.0088
3.747000  0.0088
3.748000  0.0088
3.749000  0.0087
3.750000  0.0087
3.751000  0.0087
3.752000  0.0087
3.753000  0.0087
3.754000  0.0087
3.755000  0.0087
3.756000  0.0086
3.757000  0.0086
3.758000  0.0086
3.759000  0.0086
3.760000  0.0086
3.761000  0.0086
3.762000  0.0086
3.763000  0.0086
3.764000  0.0085
3.765000  0.0085
3.766000  0.0085
3.767000  0.0085
3.768000  0.0085
3.769000  0.0085
3.770000  0.0085
3.771000  0.0085
3.772000  0.0084
3.773000  0.0084
3.774000  0.0084
3.775000  0.0084
3.776000  0.0084
3.777000  0.0084
3.778000  0.0084
3.779000  0.0083
3.780000  0.0083
3.781000  0.0083
3.782000  0.0083
3.783000  0.0083
3.784000  0.0083
3.785000  0.0083
3.786000  0.0083
3.787000  0.0082
3.788000  0.0082
3.789000  0.0082
3.790000  0.0082
3.791000  0.0082
3.792000  0.0082
3.793000  0.0082
3.794000  0.0082
3.795000  0.0081
3.796000  0.0081
3.797000  0.0081
3.798000  0.0081
3.799000  0.0081
3.800000  0.0081
3.801000  0.0081
3.802000  0.0081
3.803000  0.0080
3.804000  0.0080
3.805000  0.0080
3.806000  0.0080
3.807000  0.0080
3.808000  0.0080
3.809000  0.0080
3.810000  0.0080
3.811000  0.0079
3.812000  0.0079
3.813000  0.0079
3.814000  0.0079
3.815000  0.0079
3.816000  0.0079
3.817000  0.0079
3.818000  0.0079
3.819000  0.0079
3.820000  0.0078
3.821000  0.0078
3.822000  0.0078
3.823000  0.0078
3.824000  0.0078
3.825000  0.0078
3.826000  0.0078
3.827000  0.0078
3.828000  0.0077
3.829000  0.0077
3.830000  0.0077
3.831000  0.0077
3.832000  0.0077
3.833000  0.0077
3.834000  0.0077
3.835000  0.0077
3.836000  0.0076
3.837000  0.0076
3.838000  0.0076
3.839000  0.0076
3.840000  0.0076
3.841000  0.0076
3.842000  0.0076
3.843000  0.0076
3.844000  0.0076
3.845000  0.0075
3.846000  0.0075
3.847000  0.0075
3.848000  0.0075
3.849000  0.0075
3.850000  0.0075
3.851000  0.0075
3.852000  0.0075
3.853000  0.0075
3.854000  0.0074
3.855000  0.0074
3.856000  0.0074
3.857000  0.0074
3.858000  0.0074
3.859000  0.0074
3.860000  0.0074
3.861000  0.0074
3.862000  0.0074
3.863000  0.0073
3.864000  0.0073
3.865000  0.0073
3.866000  0.0073
3.867000  0.0073
3.868000  0.0073
3.869000  0.0073
3.870000  0.0073
3.871000  0.0072
3.872000  0.0072
3.873000  0.0072
3.874000  0.0072
3.875000  0.0072
3.876000  0.0072
3.877000  0.0072
3.878000  0.0072
3.879000  0.0072
3.880000  0.0072
3.881000  0.0071
3.882000  0.0071
3.883000  0.0071
3.884000  0.0071
3.885000  0.0071
3.886000  0.0071
3.887000  0.0071
3.888000  0.0071
3.889000  0.0071
3.890000  0.0070
3.891000  0.0070
3.892000  0.0070
3.893000  0.0070
3.894000  0.0070
3.895000  0.0070
3.896000  0.0070
3.897000  0.0070
3.898000  0.0070
3.899000  0.0069
3.900000  0.0069
3.901000  0.0069
3.902000  0.0069
3.903000  0.0069
3.904000  0.0069
3.905000  0.0069
3.906000  0.0069
3.907000  0.0069
3.908000  0.0069
3.909000  0.0068
3.910000  0.0068
3.911000  0.0068
3.912000  0.0068
3.913000  0.0068
3.914000  0.0068
3.915000  0.0068
3.916000  0.0068
3.917000  0.0068
3.918000  0.0067
3.919000  0.0067
3.920000  0.0067
3.921000  0.0067
3.922000  0.0067
3.923000  0.0067
3.924000  0.0067
3.925000  0.0067
3.926000  0.0067
3.927000  0.0067
3.928000  0.0066
3.929000  0.0066
3.930000  0.0066
3.931000  0.0066
3.932000  0.0066
3.933000  0.0066
3.934000  0.0066
3.935000  0.0066
3.936000  0.0066
3.937000  0.0066
3.938000  0.0065
3.939000  0.0065
3.940000  0.0065
3.941000  0.0065
3.942000  0.0065
3.943000  0.0065
3.944000  0.0065
3.945000  0.0065
3.946000  0.0065
3.947000  0.0065
3.948000  0.0064
3.949000  0.0064
3.950000  0.0064
3.951000  0.0064
3.952000  0.0064
3.953000  0.0064
3.954000  0.0064
3.955000  0.0064
3.956000  0.0064
3.957000  0.0064
3.958000  0.0063
3.959000  0.0063
3.960000  0.0063
3.961000  0.0063
3.962000  0.0063
3.963000  0.0063
3.964000  0.0063
3.965000  0.0063
3.966000  0.0063
3.967000  0.0063
3.968000  0.0062
3.969000  0.0062
3.970000  0.0062
3.971000  0.0062
3.972000  0.0062
3.973000  0.0062
3.974000  0.0062
3.975000  0.0062
3.976000  0.0062
3.977000  0.0062
3.978000  0.0062
3.979000  0.0061
3.980000  0.0061
3.981000  0.0061
3.982000  0.0061
3.983000  0.0061
3.984000  0.0061
3.985000  0.0061
3.986000  0.0061
3.987000  0.0061
3.988000  0.0061
3.989000  0.0061
3.990000  0.0060
3.991000  0.0060
3.992000  0.0060
3.993000  0.0060
3.994000  0.0060
3.995000  0.0060
3.996000  0.0060
3.997000  0.0060
3.998000  0.0060
3.999000  0.0060
4.000000  0.0059
4.001000  0.0059
4.002000  0.0059
4.003000  0.0059
4.004000  0.0059
4.005000  0.0059
4.006000  0.0059
4.007000  0.0059
4.008000  0.0059
4.009000  0.0059
4.010000  0.0059
4.011000  0.0058
4.012000  0.0058
4.013000  0.0058
4.014000  0.0058
4.015000  0.0058
4.016000  0.0058
4.017000  0.0058
4.018000  0.0058
4.019000  0.0058
4.020000  0.0058
4.021000  0.0058
4.022000  0.0058
4.023000  0.0057
4.024000  0.0057
4.025000  0.0057
4.026000  0.0057
4.027000  0.0057
4.028000  0.0057
4.029000  0.0057
4.030000  0.0057
4.031000  0.0057
4.032000  0.0057
4.033000  0.0057
4.034000  0.0056
4.035000  0.0056
4.036000  0.0056
4.037000  0.0056
4.038000  0.0056
4.039000  0.0056
4.040000  0.0056
4.041000  0.0056
4.042000  0.0056
4.043000  0.0056
4.044000  0.0056
4.045000  0.0056
4.046000  0.0055
4.047000  0.0055
4.048000  0.0055
4.049000  0.0055
4.050000  0.0055
4.051000  0.0055
4.052000  0.0055
4.053000  0.0055
4.054000  0.0055
4.055000  0.0055
4.056000  0.0055
4.057000  0.0055
4.058000  0.0054
4.059000  0.0054
4.060000  0.0054
4.061000  0.0054
4.062000  0.0054
4.063000  0.0054
4.064000  0.0054
4.065000  0.0054
4.066000  0.0054
4.067000  0.0054
4.068000  0.0054
4.069000  0.0054
4.070000  0.0053
4.071000  0.0053
4.072000  0.0053
4.073000  0.0053
4.074000  0.0053
4.075000  0.0053
4.076000  0.0053
4.077000  0.0053
4.078000  0.0053
4.079000  0.0053
4.080000  0.0053
4.081000  0.0053
4.082000  0.0052
4.083000  0.0052
4.084000  0.0052
4.085000  0.0052
4.086000  0.0052
4.087000  0.0052
4.088000  0.0052
4.089000  0.0052
4.090000  0.0052
4.091000  0.0052
4.092000  0.0052
4.093000  0.0052
4.094000  0.0052
4.095000  0.0051
4.096000  0.0051
4.097000  0.0051
4.098000  0.0051
4.099000  0.0051
4.100000  0.0051
4.101000  0.0051
4.102000  0.0051
4.103000  0.0051
4.104000  0.0051
4.105000  0.0051
4.106000  0.0051
4.107000  0.0050
4.108000  0.0050
4.109000  0.0050
4.110000  0.0050
4.111000  0.0050
4.112000  0.0050
4.113000  0.0050
4.114000  0.0050
4.115000  0.0050
4.116000  0.0050
4.117000  0.0050
4.118000  0.0050
4.119000  0.0050
4.120000  0.0050
4.121000  0.0049
4.122000  0.0049
4.123000  0.0049
4.124000  0.0049
4.125000  0.0049
4.126000  0.0049
4.127000  0.0049
4.128000  0.0049
4.129000  0.0049
4.130000  0.0049
4.131000  0.0049
4.132000  0.0049
4.133000  0.0049
4.134000  0.0048
4.135000  0.0048
4.136000  0.0048
4.137000  0.0048
4.138000  0.0048
4.139000  0.0048
4.140000  0.0048
4.141000  0.0048
4.142000  0.0048
4.143000  0.0048
4.144000  0.0048
4.145000  0.0048
4.146000  0.0048
4.147000  0.0047
4.148000  0.0047
4.149000  0.0047
4.150000  0.0047
4.151000  0.0047
4.152000  0.0047
4.153000  0.0047
4.154000  0.0047
4.155000  0.0047
4.156000  0.0047
4.157000  0.0047
4.158000  0.0047
4.159000  0.0047
4.160000  0.0047
4.161000  0.0046
4.162000  0.0046
4.163000  0.0046
4.164000  0.0046
4.165000  0.0046
4.166000  0.0046
4.167000  0.0046
4.168000  0.0046
4.169000  0.0046
4.170000  0.0046
4.171000  0.0046
4.172000  0.0046
4.173000  0.0046
4.174000  0.0046
4.175000  0.0046
4.176000  0.0045
4.177000  0.0045
4.178000  0.0045
4.179000  0.0045
4.180000  0.0045
4.181000  0.0045
4.182000  0.0045
4.183000  0.0045
4.184000  0.0045
4.185000  0.0045
4.186000  0.0045
4.187000  0.0045
4.188000  0.0045
4.189000  0.0045
4.190000  0.0044
4.191000  0.0044
4.192000  0.0044
4.193000  0.0044
4.194000  0.0044
4.195000  0.0044
4.196000  0.0044
4.197000  0.0044
4.198000  0.0044
4.199000  0.0044
4.200000  0.0044
4.201000  0.0044
4.202000  0.0044
4.203000  0.0044
4.204000  0.0044
4.205000  0.0043
4.206000  0.0043
4.207000  0.0043
4.208000  0.0043
4.209000  0.0043
4.210000  0.0043
4.211000  0.0043
4.212000  0.0043
4.213000  0.0043
4.214000  0.0043
4.215000  0.0043
4.216000  0.0043
4.217000  0.0043
4.218000  0.0043
4.219000  0.0043
4.220000  0.0042
4.221000  0.0042
4.222000  0.0042
4.223000  0.0042
4.224000  0.0042
4.225000  0.0042
4.226000  0.0042
4.227000  0.0042
4.228000  0.0042
4.229000  0.0042
4.230000  0.0042
4.231000  0.0042
4.232000  0.0042
4.233000  0.0042
4.234000  0.0042
4.235000  0.0042
4.236000  0.0041
4.237000  0.0041
4.238000  0.0041
4.239000  0.0041
4.240000  0.0041
4.241000  0.0041
4.242000  0.0041
4.243000  0.0041
4.244000  0.0041
4.245000  0.0041
4.246000  0.0041
4.247000  0.0041
4.248000  0.0041
4.249000  0.0041
4.250000  0.0041
4.251000  0.0041
4.252000  0.0040
4.253000  0.0040
4.254000  0.0040
4.255000  0.0040
4.256000  0.0040
4.257000  0.0040
4.258000  0.0040
4.259000  0.0040
4.260000  0.0040
4.261000  0.0040
4.262000  0.0040
4.263000  0.0040
4.264000  0.0040
4.265000  0.0040
4.266000  0.0040
4.267000  0.0040
4.268000  0.0039
4.269000  0.0039
4.270000  0.0039
4.271000  0.0039
4.272000  0.0039
4.273000  0.0039
4.274000  0.0039
4.275000  0.0039
4.276000  0.0039
4.277000  0.0039
4.278000  0.0039
4.279000  0.0039
4.280000  0.0039
4.281000  0.0039
4.282000  0.0039
4.283000  0.0039
4.284000  0.0039
4.285000  0.0038
4.286000  0.0038
4.287000  0.0038
4.288000  0.0038
4.289000  0.0038
4.290000  0.0038
4.291000  0.0038
4.292000  0.0038
4.293000  0.0038
4.294000  0.0038
4.295000  0.0038
4.296000  0.0038
4.297000  0.0038
4.298000  0.0038
4.299000  0.0038
4.300000  0.0038
4.301000  0.0038
4.302000  0.0037
4.303000  0.0037
4.304000  0.0037
4.305000  0.0037
4.306000  0.0037
4.307000  0.0037
4.308000  0.0037
4.309000  0.0037
4.310000  0.0037
4.311000  0.0037
4.312000  0.0037
4.313000  0.0037
4.314000  0.0037
4.315000  0.0037
4.316000  0.0037
4.317000  0.0037
4.318000  0.0037
4.319000  0.0037
4.320000  0.0036
4.321000  0.0036
4.322000  0.0036
4.323000  0.0036
4.324000  0.0036
4.325000  0.0036
4.326000  0.0036
4.327000  0.0036
4.328000  0.0036
4.329000  0.0036
4.330000  0.0036
4.331000  0.0036
4.332000  0.0036
4.333000  0.0036
4.334000  0.0036
4.335000  0.0036
4.336000  0.0036
4.337000  0.0036
4.338000  0.0035
4.339000  0.0035
4.340000  0.0035
4.341000  0.0035
4.342000  0.0035
4.343000  0.0035
4.344000  0.0035
4.345000  0.0035
4.346000  0.0035
4.347000  0.0035
4.348000  0.0035
4.349000  0.0035
4.350000  0.0035
4.351000  0.0035
4.352000  0.0035
4.353000  0.0035
4.354000  0.0035
4.355000  0.0035
4.356000  0.0034
4.357000  0.0034
4.358000  0.0034
4.359000  0.0034
4.360000  0.0034
4.361000  0.0034
4.362000  0.0034
4.363000  0.0034
4.364000  0.0034
4.365000  0.0034
4.366000  0.0034
4.367000  0.0034
4.368000  0.0034
4.369000  0.0034
4.370000  0.0034
4.371000  0.0034
4.372000  0.0034
4.373000  0.0034
4.374000  0.0034
4.375000  0.0034
4.376000  0.0033
4.377000  0.0033
4.378000  0.0033
4.379000  0.0033
4.380000  0.0033
4.381000  0.0033
4.382000  0.0033
4.383000  0.0033
4.384000  0.0033
4.385000  0.0033
4.386000  0.0033
4.387000  0.0033
4.388000  0.0033
4.389000  0.0033
4.390000  0.0033
4.391000  0.0033
4.392000  0.0033
4.393000  0.0033
4.394000  0.0033
4.395000  0.0032
4.396000  0.0032
4.397000  0.0032
4.398000  0.0032
4.399000  0.0032
4.400000  0.0032
4.401000  0.0032
4.402000  0.0032
4.403000  0.0032
4.404000  0.0032
4.405000  0.0032
4.406000  0.0032
4.407000  0.0032
4.408000  0.0032
4.409000  0.0032
4.410000  0.0032
4.411000  0.0032
4.412000  0.0032
4.413000  0.0032
4.414000  0.0032
4.415000  0.0032
4.416000  0.0031
4.417000  0.0031
4.418000  0.0031
4.419000  0.0031
4.420000  0.0031
4.421000  0.0031
4.422000  0.0031
4.423000  0.0031
4.424000  0.0031
4.425000  0.0031
4.426000  0.0031
4.427000  0.0031
4.428000  0.0031
4.429000  0.0031
4.430000  0.0031
4.431000  0.0031
4.432000  0.0031
4.433000  0.0031
4.434000  0.0031
4.435000  0.0031
4.436000  0.0031
4.437000  0.0030
4.438000  0.0030
4.439000  0.0030
4.440000  0.0030
4.441000  0.0030
4.442000  0.0030
4.443000  0.0030
4.444000  0.0030
4.445000  0.0030
4.446000  0.0030
4.447000  0.0030
4.448000  0.0030
4.449000  0.0030
4.450000  0.0030
4.451000  0.0030
4.452000  0.0030
4.453000  0.0030
4.454000  0.0030
4.455000  0.0030
4.456000  0.0030
4.457000  0.0030
4.458000  0.0030
4.459000  0.0029
4.460000  0.0029
4.461000  0.0029
4.462000  0.0029
4.463000  0.0029
4.464000  0.0029
4.465000  0.0029
4.466000  0.0029
4.467000  0.0029
4.468000  0.0029
4.469000  0.0029
4.470000  0.0029
4.471000  0.0029
4.472000  0.0029
4.473000  0.0029
4.474000  0.0029
4.475000  0.0029
4.476000  0.0029
4.477000  0.0029
4.478000  0.0029
4.479000  0.0029
4.480000  0.0029
4.481000  0.0028
4.482000  0.0028
4.483000  0.0028
4.484000  0.0028
4.485000  0.0028
4.486000  0.0028
4.487000  0.0028
4.488000  0.0028
4.489000  0.0028
4.490000  0.0028
4.491000  0.0028
4.492000  0.0028
4.493000  0.0028
4.494000  0.0028
4.495000  0.0028
4.496000  0.0028
4.497000  0.0028
4.498000  0.0028
4.499000  0.0028
4.500000  0.0028
4.501000  0.0028
4.502000  0.0028
4.503000  0.0028
4.504000  0.0028
4.505000  0.0027
4.506000  0.0027
4.507000  0.0027
4.508000  0.0027
4.509000  0.0027
4.510000  0.0027
4.511000  0.0027
4.512000  0.0027
4.513000  0.0027
4.514000  0.0027
4.515000  0.0027
4.516000  0.0027
4.517000  0.0027
4.518000  0.0027
4.519000  0.0027
4.520000  0.0027
4.521000  0.0027
4.522000  0.0027
4.523000  0.0027
4.524000  0.0027
4.525000  0.0027
4.526000  0.0027
4.527000  0.0027
4.528000  0.0027
4.529000  0.0026
4.530000  0.0026
4.531000  0.0026
4.532000  0.0026
4.533000  0.0026
4.534000  0.0026
4.535000  0.0026
4.536000  0.0026
4.537000  0.0026
4.538000  0.0026
4.539000  0.0026
4.540000  0.0026
4.541000  0.0026
4.542000  0.0026
4.543000  0.0026
4.544000  0.0026
4.545000  0.0026
4.546000  0.0026
4.547000  0.0026
4.548000  0.0026
4.549000  0.0026
4.550000  0.0026
4.551000  0.0026
4.552000  0.0026
4.553000  0.0026
4.554000  0.0025
4.555000  0.0025
4.556000  0.0025
4.557000  0.0025
4.558000  0.0025
4.559000  0.0025
4.560000  0.0025
4.561000  0.0025
4.562000  0.0025
4.563000  0.0025
4.564000  0.0025
4.565000  0.0025
4.566000  0.0025
4.567000  0.0025
4.568000  0.0025
4.569000  0.0025
4.570000  0.0025
4.571000  0.0025
4.572000  0.0025
4.573000  0.0025
4.574000  0.0025
4.575000  0.0025
4.576000  0.0025
4.577000  0.0025
4.578000  0.0025
4.579000  0.0025
4.580000  0.0024
4.581000  0.0024
4.582000  0.0024
4.583000  0.0024
4.584000  0.0024
4.585000  0.0024
4.586000  0.0024
4.587000  0.0024
4.588000  0.0024
4.589000  0.0024
4.590000  0.0024
4.591000  0.0024
4.592000  0.0024
4.593000  0.0024
4.594000  0.0024
4.595000  0.0024
4.596000  0.0024
4.597000  0.0024
4.598000  0.0024
4.599000  0.0024
4.600000  0.0024
4.601000  0.0024
4.602000  0.0024
4.603000  0.0024
4.604000  0.0024
4.605000  0.0024
4.606000  0.0024
4.607000  0.0023
4.608000  0.0023
4.609000  0.0023
4.610000  0.0023
4.611000  0.0023
4.612000  0.0023
4.613000  0.0023
4.614000  0.0023
4.615000  0.0023
4.616000  0.0023
4.617000  0.0023
4.618000  0.0023
4.619000  0.0023
4.620000  0.0023
4.621000  0.0023
4.622000  0.0023
4.623000  0.0023
4.624000  0.0023
4.625000  0.0023
4.626000  0.0023
4.627000  0.0023
4.628000  0.0023
4.629000  0.0023
4.630000  0.0023
4.631000  0.0023
4.632000  0.0023
4.633000  0.0023
4.634000  0.0023
4.635000  0.0023
4.636000  0.0022
4.637000  0.0022
4.638000  0.0022
4.639000  0.0022
4.640000  0.0022
4.641000  0.0022
4.642000  0.0022
4.643000  0.0022
4.644000  0.0022
4.645000  0.0022
4.646000  0.0022
4.647000  0.0022
4.648000  0.0022
4.649000  0.0022
4.650000  0.0022
4.651000  0.0022
4.652000  0.0022
4.653000  0.0022
4.654000  0.0022
4.655000  0.0022
4.656000  0.0022
4.657000  0.0022
4.658000  0.0022
4.659000  0.0022
4.660000  0.0022
4.661000  0.0022
4.662000  0.0022
4.663000  0.0022
4.664000  0.0022
4.665000  0.0022
4.666000  0.0021
4.667000  0.0021
4.668000  0.0021
4.669000  0.0021
4.670000  0.0021
4.671000  0.0021
4.672000  0.0021
4.673000  0.0021
4.674000  0.0021
4.675000  0.0021
4.676000  0.0021
4.677000  0.0021
4.678000  0.0021
4.679000  0.0021
4.680000  0.0021
4.681000  0.0021
4.682000  0.0021
4.683000  0.0021
4.684000  0.0021
4.685000  0.0021
4.686000  0.0021
4.687000  0.0021
4.688000  0.0021
4.689000  0.0021
4.690000  0.0021
4.691000  0.0021
4.692000  0.0021
4.693000  0.0021
4.694000  0.0021
4.695000  0.0021
4.696000  0.0021
4.697000  0.0020
4.698000  0.0020
4.699000  0.0020
4.700000  0.0020
4.701000  0.0020
4.702000  0.0020
4.703000  0.0020
4.704000  0.0020
4.705000  0.0020
4.706000  0.0020
4.707000  0.0020
4.708000  0.0020
4.709000  0.0020
4.710000  0.0020
4.711000  0.0020
4.712000  0.0020
4.713000  0.0020
4.714000  0.0020
4.715000  0.0020
4.716000  0.0020
4.717000  0.0020
4.718000  0.0020
4.719000  0.0020
4.720000  0.0020
4.721000  0.0020
4.722000  0.0020
4.723000  0.0020
4.724000  0.0020
4.725000  0.0020
4.726000  0.0020
4.727000  0.0020
4.728000  0.0020
4.729000  0.0019
4.730000  0.0019
4.731000  0.0019
4.732000  0.0019
4.733000  0.0019
4.734000  0.0019
4.735000  0.0019
4.736000  0.0019
4.737000  0.0019
4.738000  0.0019
4.739000  0.0019
4.740000  0.0019
4.741000  0.0019
4.742000  0.0019
4.743000  0.0019
4.744000  0.0019
4.745000  0.0019
4.746000  0.0019
4.747000  0.0019
4.748000  0.0019
4.749000  0.0019
4.750000  0.0019
4.751000  0.0019
4.752000  0.0019
4.753000  0.0019
4.754000  0.0019
4.755000  0.0019
4.756000  0.0019
4.757000  0.0019
4.758000  0.0019
4.759000  0.0019
4.760000  0.0019
4.761000  0.0019
4.762000  0.0019
4.763000  0.0019
4.764000  0.0018
4.765000  0.0018
4.766000  0.0018
4.767000  0.0018
4.768000  0.0018
4.769000  0.0018
4.770000  0.0018
4.771000  0.0018
4.772000  0.0018
4.773000  0.0018
4.774000  0.0018
4.775000  0.0018
4.776000  0.0018
4.777000  0.0018
4.778000  0.0018
4.779000  0.0018
4.780000  0.0018
4.781000  0.0018
4.782000  0.0018
4.783000  0.0018
4.784000  0.0018
4.785000  0.0018
4.786000  0.0018
4.787000  0.0018
4.788000  0.0018
4.789000  0.0018
4.790000  0.0018
4.791000  0.0018
4.792000  0.0018
4.793000  0.0018
4.794000  0.0018
4.795000  0.0018
4.796000  0.0018
4.797000  0.0018
4.798000  0.0018
4.799000  0.0018
4.800000  0.0017
4.801000  0.0017
4.802000  0.0017
4.803000  0.0017
4.804000  0.0017
4.805000  0.0017
4.806000  0.0017
4.807000  0.0017
4.808000  0.0017
4.809000  0.0017
4.810000  0.0017
4.811000  0.0017
4.812000  0.0017
4.813000  0.0017
4.814000  0.0017
4.815000  0.0017
4.816000  0.0017
4.817000  0.0017
4.818000  0.0017
4.819000  0.0017
4.820000  0.0017
4.821000  0.0017
4.822000  0.0017
4.823000  0.0017
4.824000  0.0017
4.825000  0.0017
4.826000  0.0017
4.827000  0.0017
4.828000  0.0017
4.829000  0.0017
4.830000  0.0017
4.831000  0.0017
4.832000  0.0017
4.833000  0.0017
4.834000  0.0017
4.835000  0.0017
4.836000  0.0017
4.837000  0.0017
4.838000  0.0017
4.839000  0.0016
4.840000  0.0016
4.841000  0.0016
4.842000  0.0016
4.843000  0.0016
4.844000  0.0016
4.845000  0.0016
4.846000  0.0016
4.847000  0.0016
4.848000  0.0016
4.849000  0.0016
4.850000  0.0016
4.851000  0.0016
4.852000  0.0016
4.853000  0.0016
4.854000  0.0016
4.855000  0.0016
4.856000  0.0016
4.857000  0.0016
4.858000  0.0016
4.859000  0.0016
4.860000  0.0016
4.861000  0.0016
4.862000  0.0016
4.863000  0.0016
4.864000  0.0016
4.865000  0.0016
4.866000  0.0016
4.867000  0.0016
4.868000  0.0016
4.869000  0.0016
4.870000  0.0016
4.871000  0.0016
4.872000  0.0016
4.873000  0.0016
4.874000  0.0016
4.875000  0.0016
4.876000  0.0016
4.877000  0.0016
4.878000  0.0016
4.879000  0.0016
4.880000  0.0015
4.881000  0.0015
4.882000  0.0015
4.883000  0.0015
4.884000  0.0015
4.885000  0.0015
4.886000  0.0015
4.887000  0.0015
4.888000  0.0015
4.889000  0.0015
4.890000  0.0015
4.891000  0.0015
4.892000  0.0015
4.893000  0.0015
4.894000  0.0015
4.895000  0.0015
4.896000  0.0015
4.897000  0.0015
4.898000  0.0015
4.899000  0.0015
4.900000  0.0015
4.901000  0.0015
4.902000  0.0015
4.903000  0.0015
4.904000  0.0015
4.905000  0.0015
4.906000  0.0015
4.907000  0.0015
4.908000  0.0015
4.909000  0.0015
4.910000  0.0015
4.911000  0.0015
4.912000  0.0015
4.913000  0.0015
4.914000  0.0015
4.915000  0.0015
4.916000  0.0015
4.917000  0.0015
4.918000  0.0015
4.919000  0.0015
4.920000  0.0015
4.921000  0.0015
4.922000  0.0015
4.923000  0.0014
4.924000  0.0014
4.925000  0.0014
4.926000  0.0014
4.927000  0.0014
4.928000  0.0014
4.929000  0.0014
4.930000  0.0014
4.931000  0.0014
4.932000  0.0014
4.933000  0.0014
4.934000  0.0014
4.935000  0.0014
4.936000  0.0014
4.937000  0.0014
4.938000  0.0014
4.939000  0.0014
4.940000  0.0014
4.941000  0.0014
4.942000  0.0014
4.943000  0.0014
4.944000  0.0014
4.945000  0.0014
4.946000  0.0014
4.947000  0.0014
4.948000  0.0014
4.949000  0.0014
4.950000  0.0014
4.951000  0.0014
4.952000  0.0014
4.953000  0.0014
4.954000  0.0014
4.955000  0.0014
4.956000  0.0014
4.957000  0.0014
4.958000  0.0014
4.959000  0.0014
4.960000  0.0014
4.961000  0.0014
4.962000  0.0014
4.963000  0.0014
4.964000  0.0014
4.965000  0.0014
4.966000  0.0014
4.967000  0.0014
4.968000  0.0014
4.969000  0.0014
4.970000  0.0013
4.971000  0.0013
4.972000  0.0013
4.973000  0.0013
4.974000  0.0013
4.975000  0.0013
4.976000  0.0013
4.977000  0.0013
4.978000  0.0013
4.979000  0.0013
4.980000  0.0013
4.981000  0.0013
4.982000  0.0013
4.983000  0.0013
4.984000  0.0013
4.985000  0.0013
4.986000  0.0013
4.987000  0.0013
4.988000  0.0013
4.989000  0.0013
4.990000  0.0013
4.991000  0.0013
4.992000  0.0013
4.993000  0.0013
4.994000  0.0013
4.995000  0.0013
4.996000  0.0013
4.997000  0.0013
4.998000  0.0013
4.999000  0.0013
5.000000  0.0013
